tweetID,retweet_count,favorite_count
7959862,1,943
8400446,3,1124
7410049,3,4763
5349538,3,207
9003978,4,2419
2226132,4,1792
3295298,4,3127
1573861,5,706
8447183,7,170
9072043,7,1002
6635030,7,4342
8199105,8,320
9340879,8,2190
3269782,9,4943
5940743,10,4971
2501077,10,371
9165387,10,2332
7475724,11,2771
9037813,12,4812
8934349,12,4524
3634475,12,2419
2097849,12,3939
6518593,13,3749
7393370,13,1513
2085163,14,1632
5566916,14,841
3620648,15,15
3736047,15,3213
2182893,15,3110
2694006,16,1952
4524462,16,3539
1380102,17,3320
4394572,18,2174
5898745,18,2602
5333717,18,1438
3718156,19,4116
6908107,19,1720
1238997,20,4512
7096292,21,3465
1888198,22,2892
2890641,23,3101
3167946,23,781
7237385,24,4772
7990687,25,2603
2681870,25,1547
7167428,26,2863
8016068,27,3433
2766747,27,4340
5728531,28,3424
7976485,28,1034
8142468,29,2345
4758757,29,4135
4228595,31,360
2212084,32,4526
3011355,32,996
8524216,33,296
2820663,33,2051
8018143,33,2160
4965989,33,2961
1911859,33,2300
7528670,35,571
1017867,35,3423
7124708,35,2737
3333679,37,434
6202440,38,352
7021464,38,204
7671534,40,279
8340297,40,2159
3492660,40,1450
7892031,40,1535
8417905,41,2535
1142660,44,190
1034801,45,3751
5913080,45,1683
4321399,46,1865
3110449,46,969
8282066,46,3869
1964928,46,379
6168379,47,4325
2064625,47,3187
5287729,47,2112
5041822,48,4026
4926641,48,4134
9666382,49,765
7148229,49,4218
7805025,49,232
2142274,50,2042
3033839,50,1871
9703203,51,2127
6139013,51,4475
3336396,51,1224
8623482,52,736
9441775,52,4414
8008779,53,1872
8969168,54,820
9058125,54,3012
7548964,55,2774
8050791,56,4723
2723309,56,1753
4523562,56,3721
8208753,57,3383
9485842,57,3030
2484792,57,4809
9736368,57,2099
7953668,58,2730
8528391,58,1957
2666548,58,2043
8168585,58,3819
5114561,60,310
2567437,60,4093
1427961,60,2578
8889568,60,3765
6679371,61,1346
8614253,61,139
2306979,62,4789
6260876,62,4509
4912621,63,4683
9532019,64,2170
1356961,64,1021
7308523,64,788
4022289,64,4958
6802773,64,2942
2554530,64,1099
8153342,64,1422
7773287,64,3780
2845621,65,3968
8253352,65,1060
6990979,65,3856
5590542,66,4705
9240874,67,1733
7872000,67,1698
6612244,67,3921
5991600,67,94
7140056,67,2351
2275699,67,1852
8123894,67,1070
1380140,68,5014
3901796,68,1619
2738431,69,756
6838189,69,2186
6261019,69,4727
5228479,69,4397
8141237,70,1472
8237695,70,434
7200314,71,1257
6727463,71,274
5239607,71,399
5234555,74,1473
5561134,74,3247
1915571,74,3165
2526669,75,4564
1678633,76,3326
5995280,76,2378
6729091,77,2001
6814203,77,4463
2913102,78,2837
2268196,79,1437
2392759,79,3172
1998535,80,306
8411934,82,1190
1257693,82,2445
2185034,83,3605
1597886,83,4494
3045467,84,1904
4713408,86,4971
9630345,86,1108
8729750,87,2576
6142572,88,1082
9612735,89,3935
9275720,90,4128
2075289,90,2484
6481492,90,2234
4032705,90,1782
5545691,91,2359
7617523,91,3747
8747169,91,758
5953111,93,751
2230031,93,5042
6397312,94,499
8494061,94,4142
6442691,95,722
2710956,95,711
6108790,96,2766
9067513,97,4631
9917157,97,1966
8554191,97,663
8491282,97,923
8071140,97,3494
4421085,98,3352
7947160,98,2301
2928895,98,4395
6340745,98,4285
9883148,99,903
4642943,99,2600
3071278,99,3380
8717905,100,2410
7970861,102,3101
5883925,103,1558
7662653,103,5043
9477346,103,837
6257511,104,4472
8092971,105,4963
7224590,105,2601
3921363,105,2563
8548494,105,2839
5985701,106,759
1501779,106,216
1358996,107,3726
1244266,108,3643
6781850,109,2936
2169239,109,1878
8997811,110,4148
3528054,110,1122
8539770,110,410
4283063,110,2125
3247788,110,2755
1188021,111,5086
9655151,111,673
9851760,111,2572
6190881,111,387
3250638,111,3151
1548470,111,3284
8421152,112,3357
3767594,114,2637
6537781,115,1957
7270720,115,3063
5907418,116,2174
4148090,116,312
4455779,116,4812
1613637,117,473
6103193,117,4969
8380489,117,182
6721709,117,293
1121349,118,3134
3499320,119,5047
5700401,119,488
7104265,120,1685
2919985,120,4071
4638250,120,550
2488872,121,1110
3224055,121,3885
5445734,122,3195
5973900,122,2096
9329376,124,2564
7158153,124,335
7736742,125,4458
5803559,125,3637
3296304,125,2231
5200226,126,2667
9673601,126,1169
2401551,127,733
5540138,128,5019
9825513,128,3926
9246459,128,2175
8883099,129,3498
8602998,130,964
5761513,130,4408
5878681,130,3274
1301058,131,3847
1764128,131,2673
4417618,131,669
7309995,132,440
1947765,132,4302
3777961,132,2539
1543608,133,135
8713604,133,2719
7210045,133,4760
1812185,134,2913
6723370,134,3924
4463443,135,3819
1501803,135,1993
8342362,136,2957
1027657,137,690
9636349,137,1407
6065136,137,3500
3482680,137,4589
8629237,138,4268
6675420,138,3892
8356047,138,293
5355908,138,2070
8889198,139,624
5027128,139,1857
3746055,140,4844
3843442,140,1270
9536762,140,1987
2209913,140,2654
2966645,141,4008
8973416,141,2023
8996969,141,1791
9523930,142,3820
9262183,142,4578
5263065,142,4438
8423415,143,285
2245477,144,3300
2674435,147,4008
5544463,147,775
7538665,148,4107
9433513,149,435
2584691,149,4184
3717288,151,840
3236544,152,4531
1641855,152,1189
8850654,152,1622
7517212,154,1362
6469994,154,3308
8245586,155,1371
3625108,155,1949
8063266,156,1138
4659683,156,469
2396639,156,944
5508734,156,4446
7888274,156,2881
1103654,157,3899
8606687,157,1847
4625408,157,2578
9056035,158,307
1817189,158,3321
2899324,158,2717
5297653,158,5044
9750922,159,4981
2912945,159,577
2223298,161,2850
5532060,161,1543
7401436,162,683
9793733,163,2169
6279361,163,3975
7658617,164,2212
9218348,164,1692
4195277,165,779
6636778,165,1416
1645393,165,3957
8188477,166,1872
8604952,166,3003
1367871,169,5085
8447070,170,1404
7366911,171,1121
3594332,171,3527
2199522,171,4419
8299808,172,1025
7939496,173,4003
4016806,173,2273
6193854,174,3180
3359967,174,703
3721842,174,2299
1055443,176,362
2465225,177,809
6047590,177,778
4436150,177,4512
3501501,178,4276
2042473,178,2145
4045222,178,1380
8072448,178,1724
1542173,178,1280
4577792,180,915
7353920,180,3954
9190629,180,4293
3411434,181,1756
2957430,181,283
5329502,182,2234
6070778,182,2723
9276033,184,3053
6236871,185,4479
1335248,186,1216
2552206,187,1812
9151037,188,4654
7520148,188,211
4623013,188,5150
6772900,188,3251
9552851,188,4402
4995492,189,1631
3607320,189,3023
6904653,189,4074
5428736,190,2089
7743482,190,673
3852285,190,4868
3206098,190,3225
4105575,190,4198
1579196,192,279
2466131,193,685
3112231,193,4222
1827843,194,354
8643272,195,5092
5769115,196,4507
8125798,197,1285
2352214,197,5008
9691856,199,2894
2739604,199,3826
1153614,200,2205
6637103,200,4759
4822902,200,2578
1601133,200,4991
6737515,200,3920
8828132,201,1317
1304581,202,1924
7454005,202,1246
1210381,203,3657
8896569,204,2411
5051829,204,2461
7824786,205,2332
5087528,205,3138
5724422,207,4162
1482128,207,4893
8299536,207,1235
9600263,208,2934
2785436,209,3960
2263879,209,779
5240797,210,786
5802859,210,1180
4218597,210,1998
5207434,211,1730
7546177,213,821
4257451,213,4555
9854957,213,1289
6912144,213,3248
6804696,213,2594
6617112,215,3557
5262467,216,4409
7510257,216,3991
3124735,217,648
6002560,217,1681
2132831,218,1939
8595217,218,3973
6613120,219,4619
6292844,219,3957
3394908,220,1044
1771438,220,3504
9786882,220,2545
6165974,221,1173
6086798,221,1776
9806019,221,2576
6166941,221,640
6011354,221,2794
4578842,222,727
8931546,222,4196
5920314,224,1030
9437517,224,2472
3525759,224,3503
8416689,225,631
8281926,225,5016
6906096,226,1085
4830942,226,4690
7586141,226,3721
1098303,226,4398
8489786,226,2210
7914462,227,1615
7776070,227,4725
6812081,227,4030
8165581,228,4703
8385906,228,2766
1099571,229,3216
8822292,229,899
9148761,229,3197
6453113,229,3282
1365898,229,2182
5149983,230,5214
9088644,230,4390
5061480,230,1057
1368453,231,2712
4166560,232,2425
8534779,232,332
7927780,233,1311
7857635,233,2272
6508692,234,4869
8381545,234,4779
5728776,235,4001
6099440,238,4219
9727799,238,4616
4819542,238,4951
1750760,239,2373
3560724,240,4367
3199077,241,4503
2699399,241,2804
8256582,242,396
2445968,242,3989
9415699,243,820
1360926,245,1271
7859380,245,5077
3057437,246,434
2754473,247,4090
6116329,248,2638
8530374,248,5214
3040696,248,3822
5300698,249,2692
4066923,249,3169
3225663,250,3570
3022734,250,3856
6979192,250,4956
2791918,251,3707
6020564,252,1813
1771382,252,4325
4342178,252,1170
1910985,253,4135
1033807,253,2965
4663466,254,520
1592925,254,3692
9474516,255,3696
5286084,256,5233
3564102,256,3697
9574970,256,4270
6301747,256,1050
8089038,257,3665
2343642,257,1067
6747622,257,2629
7107210,258,593
6172620,258,1164
7617386,259,2952
6723008,259,3234
3771277,259,4393
3191849,259,1878
8154126,260,4082
8884660,260,543
7134519,260,4002
1705490,260,1602
7583490,260,4435
1197666,260,377
9823755,261,3026
2213959,261,2404
3645384,262,2351
9414340,263,3618
8527382,263,4009
7964013,263,1649
4278912,264,2871
8869625,264,2573
8145115,265,1406
5771635,265,1651
4492118,265,2753
9434263,266,4131
3191768,266,2507
2958759,266,3213
4576966,267,4022
4440500,267,4701
6553013,269,4459
9901798,270,2906
2466733,270,5091
2349700,270,2519
2259604,271,3536
4084257,271,4386
6525221,273,3045
6202895,273,2759
3075653,273,2423
5247003,274,4363
2273547,274,4549
6140934,275,4852
4993949,275,4074
9852660,275,3204
4946385,275,4568
8114510,277,1260
5173513,277,2745
2629070,277,991
9887871,277,1416
5948451,277,1538
7741147,278,4422
2314993,279,1147
6572975,279,1839
1691034,280,831
8973945,281,2405
3885691,282,3967
1708582,282,4182
4527443,282,5269
1739349,283,5075
2148658,283,3585
8022982,284,3353
7693173,284,1014
8469884,284,5229
1977487,285,1671
7362103,285,330
9698089,285,4351
1969368,287,3906
1702226,288,3692
6279649,288,1242
2349642,289,2595
8169678,289,2246
6601649,289,2666
3498926,290,2522
7031557,290,1720
1978964,291,3143
8397633,291,2227
9700900,292,1552
9816052,293,2178
9300726,293,5228
9058192,294,3401
5141495,294,3918
9518744,295,776
6489966,295,4919
1996132,295,3991
6648383,297,3574
4989543,297,2722
7549837,298,1179
7786196,299,605
2893958,300,376
5051800,301,4053
1756064,301,1595
2321234,302,1612
6389169,302,3107
7090928,302,4386
8790001,303,2125
4395020,304,2316
6252556,305,2219
7161654,305,4729
9748579,305,3734
7911954,305,2140
6425585,306,2930
9169682,306,794
1978838,307,1940
1504155,308,3115
3502387,308,1176
2210797,308,5281
8603816,308,1803
5036624,309,2555
7113666,309,3506
6630040,309,2171
5243971,310,5098
4833241,311,3815
6449673,312,4634
4716722,312,2069
9070565,313,4931
3388678,315,5178
9932792,315,4016
3286728,315,1253
2909924,316,3415
5939399,317,2254
3785466,317,5302
9044844,317,3389
7046777,317,4379
7916833,317,1924
7005234,317,2851
1197710,318,2127
1335085,318,1504
7540225,318,1295
7153251,318,5059
4419120,318,3566
6270546,319,631
7402185,319,2098
6602431,320,1082
1738806,320,2195
6576638,321,2212
8215111,321,2324
7751321,322,1764
5261469,322,2285
1835665,322,3502
2911828,322,2669
2789190,323,3244
9386652,323,3938
4975957,323,3859
1861069,323,1928
3252616,324,2158
4759713,324,3458
5654199,324,405
9902368,326,2268
7235219,326,2199
1603945,326,576
6407637,327,3648
6822298,327,4375
7520561,327,1074
3141272,328,4322
1377973,328,2364
9138379,328,943
5700774,329,4077
8757929,332,4097
4096891,332,2337
9114681,333,3075
4823987,333,2608
1868518,333,2787
7057939,333,1218
1238425,334,1524
8150576,335,4842
9554703,336,2984
7668714,336,2485
8011527,336,1867
7863780,336,3494
3088723,337,4994
8406894,338,2611
9029384,339,4641
8028675,339,452
8795987,339,706
2336225,339,880
5042565,339,4043
9954497,340,4697
6454906,340,5126
8308000,340,1737
7175699,340,808
7223407,343,2556
7621878,344,2929
3481605,344,4329
5667417,344,5184
9636358,345,3153
9825355,345,3930
7224099,346,5059
2202232,346,2372
7044378,346,2949
2988059,346,456
6251748,346,2153
2274451,346,1745
2245937,346,4493
6380933,347,476
3653420,348,4537
1548568,349,5330
4275300,349,660
3278803,349,5326
8785084,349,3605
3369045,350,3354
4454614,350,897
9903573,351,1296
9139748,351,2146
6238953,352,2773
8438644,352,4925
9122911,353,2321
2561365,354,4984
8822371,355,4425
4866054,355,1283
7372276,355,1686
3556790,356,2585
6115109,357,3031
3886520,357,1691
6399067,358,3554
4169053,358,2263
8234145,358,1977
9733774,359,4160
8877771,360,2692
6717811,361,674
8798926,361,5085
5778101,361,1267
7888520,361,1984
2276814,363,4431
6509140,363,399
2360647,363,3905
5570166,363,5066
7377010,363,5199
9330186,363,3495
3525968,364,3681
7707776,365,3797
4950548,365,3875
4473127,366,1669
3624962,367,570
8017287,367,3259
9725963,368,1449
1465979,369,407
5874751,371,1709
4997354,371,537
9379035,372,4410
5195194,373,722
5102852,373,2853
2966465,373,1773
6381367,373,3678
8178745,373,5249
3076794,374,1575
4171443,374,3826
4004242,375,4611
7565458,375,3049
6825243,377,1031
9565806,379,3653
6679506,379,1274
7268968,379,2935
1111726,379,1660
3416432,381,1459
7612579,381,4401
4386052,381,4567
2363365,382,4720
4349282,383,4109
1315262,385,1015
7213238,385,559
6186054,386,1993
3547852,386,4669
2331211,386,2645
1206397,386,3741
6082680,387,4036
1146180,388,3625
2275981,389,482
9310719,390,3683
2134012,390,1255
5257454,391,4963
8003594,391,436
6825750,393,2299
1515164,394,3737
3557208,395,1969
3029575,395,3102
4023600,396,1930
2215197,397,1781
3171452,397,2613
3944033,398,2952
8751544,398,4319
2972516,398,1171
3066925,399,3252
9812527,399,3667
7976162,399,1464
6932282,400,3378
7658410,400,3289
1730158,401,2462
8968497,401,1694
5288242,401,4636
2551382,402,1644
8222107,402,2082
3144625,402,3457
6339337,403,4271
4510655,403,4422
5236013,403,3260
6910484,404,2443
7982073,404,3669
1584271,406,3890
7845090,406,4632
8075431,407,5013
8183881,407,2769
7262601,408,1632
9909935,408,2144
7785484,408,1057
4471451,409,3908
9076325,409,5122
8040494,410,2139
3939378,411,2592
2367934,412,5185
9272734,412,3519
8762762,413,2302
5353833,413,1467
2193902,413,858
2946777,413,1026
9783592,414,1893
5270566,415,4722
4520376,415,4482
9617865,416,5416
9679335,416,2635
6092436,416,1088
2121742,417,2265
9771461,417,3809
5035877,418,1977
5481564,419,913
2381092,419,2952
7702290,419,5228
5213216,420,2909
4788862,420,2034
8907080,421,2886
1024612,421,5302
8426597,421,2133
5965879,421,3128
8285581,422,1130
6454113,423,3843
7389213,423,5093
2360062,423,783
6321362,423,3060
5380846,424,5123
1890492,426,2406
9222072,427,5358
3946191,428,1193
5774921,429,3938
8887155,429,5221
2980936,430,3582
1508020,431,3282
3997930,431,691
3481262,432,3873
4217618,432,4907
7892650,433,4854
5978835,434,2393
6640097,434,858
7702758,434,3312
6937116,434,474
8554378,435,4560
5255863,436,1090
4300315,436,2355
9567057,436,3897
3283628,436,5314
4009112,438,4068
7904231,441,1242
3939482,441,1128
8116038,442,2744
1487464,443,4034
5262415,443,1299
8865075,443,1968
6098999,445,2990
2387083,446,2053
9095706,447,3202
7463844,448,2339
4856144,449,4550
8031862,449,2974
3054115,449,2255
1212806,450,2451
6634561,450,836
6776920,450,3084
6611732,450,3167
9198051,451,1142
9832016,451,1544
3672448,452,3661
6262994,453,1316
4661631,454,4619
2095542,454,755
8213264,455,4432
9737874,455,4302
4053526,455,5342
6747133,455,3667
1576198,456,3174
9835141,456,5079
6107719,456,4508
5748683,456,2051
1987086,456,2171
9109057,457,4856
4504157,457,1649
6950699,458,4074
5107443,458,3640
7707359,458,1188
4501268,458,530
8634055,459,843
7021309,459,989
4004106,460,3125
1445204,461,2654
6218813,461,2728
8316385,462,5189
7936084,462,2769
6206313,462,2523
4165908,462,4631
5069779,463,4429
4185917,463,1656
6479240,463,2027
1277922,463,696
6024183,464,634
9251665,464,610
2123401,464,1357
3113543,465,902
8190092,465,2047
6394309,465,4267
2220865,465,1329
1502610,465,3036
6613073,465,4953
6640160,466,5340
8371426,466,3394
9273257,467,2720
6916060,467,3014
3385423,469,2466
7906105,469,828
8415724,470,993
3761313,470,1277
2784108,471,1430
2282180,471,2591
7343608,471,3717
2925557,471,2826
4252671,472,2217
7029330,472,3411
4784695,474,1783
8456744,474,709
2287834,475,4967
9131882,476,3925
8002819,476,2700
6795840,477,2419
3865393,478,4293
5176181,478,4824
9159476,479,3667
3639216,479,1158
8091913,479,3009
7133721,480,1696
7676979,480,4873
5473407,480,5126
5770642,482,3142
7846031,483,4400
5524924,483,2262
1616200,483,3854
2939447,483,980
2151490,484,5166
3549337,484,4911
4966384,484,4224
3399575,485,3808
3602533,485,1575
5092632,486,4864
1612758,486,2504
8981507,486,3462
1945197,486,5074
1079615,486,3673
7574782,488,1863
9727863,488,4670
7329517,489,1866
2369515,490,652
7623870,491,5085
3544507,492,2295
6727248,492,3362
4578022,492,4468
2225847,492,851
5559213,492,1590
6167562,493,1231
8066815,493,4141
3411705,493,3173
9210172,493,5087
8386949,493,1362
7330534,494,4202
2930220,494,5307
3919691,495,3219
5806927,495,3980
1006201,495,5447
9134569,496,4902
2469846,497,4572
5085687,497,1886
2689073,497,3609
7525474,497,4433
8438045,498,1969
1450808,498,728
5063755,498,3157
5861597,500,2484
9637697,501,2523
4077248,501,5384
5239929,502,1614
6023018,502,4286
4927518,503,2558
1791814,503,1961
8766106,503,4768
5945430,503,4083
5622529,504,2268
6572924,505,3313
7183301,506,4287
8099190,507,857
4974725,508,1978
9064838,508,853
9518128,509,3323
8885617,509,1888
2223756,510,3068
9177229,510,3937
6401965,511,4813
4606048,511,2579
1017091,513,4461
3972664,514,2656
9693833,515,3492
7785169,515,5119
1378696,515,1779
4241191,516,2330
8917776,516,4181
6320593,516,1724
9608490,517,1519
3552435,517,3654
4090762,517,2380
7788013,520,4534
7732619,521,1219
3414033,521,2458
6149216,522,2883
6394936,523,2238
7849863,523,797
2925144,523,3109
3732008,523,2784
6916837,523,1283
6617327,524,5017
9298181,525,569
3812690,525,1180
2285384,526,2634
3628373,526,3210
1648278,526,4611
9675924,527,3863
5289237,527,3543
4505948,527,4857
8801361,528,1995
3137094,528,4631
4255602,528,4432
2449715,528,667
2396043,529,3583
8833031,529,3295
3947759,529,730
7515344,529,1169
6683352,531,4076
2421387,531,4367
8619015,533,5060
8822157,533,604
4437418,534,2834
9371564,535,5524
7128348,535,3255
3992343,535,5530
7726751,535,778
2257848,535,1137
1967626,535,1246
6169674,536,2643
9836673,536,5254
7606990,537,4971
1462610,537,4196
7008904,537,5227
1499783,537,3435
6566829,538,3383
6834533,538,3469
5800044,539,4687
7560347,539,2643
8260601,541,5457
4474890,541,4943
9979090,541,3622
4938274,542,5313
9582941,542,2494
3335662,543,946
9768970,543,4310
7740681,544,3934
5493100,545,5228
1566613,546,3791
5162851,546,1332
9593291,546,1406
5724591,547,2103
6807814,547,5399
8192961,548,2449
6097024,548,2444
8819389,548,3317
1690144,548,4616
9238906,549,1742
3536083,550,1653
4414905,550,3128
6067547,550,1398
1803264,550,2272
2408325,551,5137
7844112,552,3162
6993538,553,3557
2991348,554,4955
2072701,554,5239
4776098,555,3402
5920850,555,4873
3020613,555,3444
1911129,555,3311
1492845,555,3101
1262138,555,803
5769175,556,1008
7024296,557,1767
8650834,558,2732
5191985,558,3065
3721064,558,4857
6461444,559,3607
8360393,559,1634
5932590,559,2393
4300347,560,3171
7120427,562,831
4297176,562,1462
6832425,564,2460
9556544,564,1669
1930125,564,5446
9867489,564,594
2464316,565,1400
6870407,565,5276
5810312,566,815
6696144,566,2470
6211311,567,1325
1955596,567,4067
6603594,567,5470
7838615,568,2569
8182771,568,2839
3410634,568,3835
8362008,569,3520
3306143,569,4846
6542736,569,1355
2319475,569,3807
1083396,570,4181
2661953,574,2387
1623776,575,3546
6285414,575,3885
2693755,577,2476
9032263,577,3828
4291006,577,3295
5768752,578,3187
6145486,579,4710
7798919,579,1997
9385678,579,4647
3059927,581,2761
7255597,582,4719
3605561,583,598
7516154,583,5305
7217554,584,1654
5341676,584,5003
9235289,584,3102
3558288,586,1509
4538243,587,3772
5042338,587,3179
1862771,588,4166
9736314,589,2641
5974111,590,2860
7039380,591,2289
8049679,592,5093
2969404,594,3736
6486619,594,2980
4155089,595,1974
6776495,596,4146
8246531,597,743
2249427,597,3933
6781283,597,2644
2447144,598,3129
6518199,598,3667
4355285,599,5451
9943271,599,3586
2138790,600,4791
5667463,600,4983
3835014,600,1015
8855638,600,1322
3767341,601,4085
5481174,601,3087
1486049,602,4441
1003052,602,4633
3918897,605,3670
7204048,606,3898
5849405,607,1667
2647172,607,2812
4822853,607,5412
7278798,608,3504
1553592,608,1060
9512093,608,4425
2197805,610,1548
8143231,611,1661
5446983,612,4354
5968166,612,4793
1036488,612,2401
2672205,613,2839
3407042,613,4462
5449393,615,2806
4291366,616,4271
4303385,617,5038
1969197,618,1504
6565538,618,3080
3063554,618,2621
4576688,618,4141
6408163,618,5108
7727935,619,2366
9044074,619,5170
9976082,620,1676
6385348,620,5473
9156283,621,1501
1187966,621,1200
6395714,621,1619
8556405,621,4307
5885465,621,2433
8706642,621,3258
9997866,622,4786
7654297,622,2517
6210146,623,1676
3809942,624,4068
2107494,624,2515
3005686,625,2460
1072574,625,3897
8720871,625,2429
8612647,626,3161
3028254,626,2451
8167759,627,3918
2240426,627,2711
5191420,629,5106
1150680,629,5325
4457721,630,665
5218552,630,4098
5969760,630,3836
8592577,631,1631
1583072,631,4197
2390659,631,3798
1630354,632,1037
7743915,633,4366
5000154,633,4404
8628770,633,3637
5286013,633,1587
7369046,635,2295
1058358,635,3899
4281819,636,3077
2926053,636,2826
8642010,637,5333
1555444,637,5273
8365519,637,5519
6029214,639,4594
7373144,639,3207
1976699,641,4775
3235555,642,2737
1917877,642,4620
8899643,642,1804
5287938,642,2846
9477799,642,4741
9471725,642,4910
4585943,642,3101
2788638,643,3662
2555111,643,2191
6128649,643,2524
9058565,644,1923
3426019,644,3629
2487105,645,3671
9820848,645,2638
6949913,645,1920
9769488,645,843
6221295,645,3751
3484800,646,2612
3551992,648,1044
7685737,649,3118
7575231,650,4869
1453805,651,2049
6992426,652,3109
3498930,653,4092
7065049,654,5553
3278568,654,2855
1105414,654,5333
4727953,655,3789
5477433,655,1601
5513045,655,4324
7820644,655,3850
4724983,656,1322
9428049,656,5614
4080065,656,3068
9777685,657,1345
5123145,657,802
1017695,657,1323
9838896,658,4002
8302727,658,3429
6288872,659,3068
4403023,659,5152
4740110,661,3364
1163746,662,1756
4511987,663,4450
3163430,664,3364
2214639,666,2774
7091111,666,1347
3448661,667,4152
7324081,667,2423
4143666,667,2488
8735202,668,912
3257582,668,4688
9427959,668,1156
9205422,668,1309
4721304,668,4216
5520024,668,2345
4129112,668,1920
4866270,669,3971
9783927,669,1989
7612859,669,4777
6137247,669,1263
1517406,671,1054
5222140,671,4945
2538216,672,2340
5846863,673,1304
5049066,673,2495
3243646,674,2976
2646812,674,1079
5177711,674,5059
5389476,674,3886
8412165,675,878
4208956,675,822
2439788,675,4460
6692246,676,1899
1508509,678,2355
3509335,679,1138
6229522,680,1289
5915117,681,2195
1880213,681,2393
7922629,683,1818
4587439,684,4837
2346875,684,4992
7909193,685,5479
3104357,685,3652
4385430,687,5243
1826696,687,2198
8326278,687,2947
3757929,687,732
4328582,687,5664
2895268,687,4644
1576211,688,4474
5341479,689,1595
1051946,689,1762
5470722,690,4341
3533242,690,1586
8142206,690,1600
9175411,691,4274
9899365,692,4836
4348403,693,1612
2834853,693,4726
7517642,693,2557
2229727,693,2171
7545267,693,2527
5960987,693,5561
4965083,693,4429
7876442,695,5221
1331295,696,1371
5311589,696,822
5176041,697,4848
1446002,697,5687
8584153,697,838
6142045,698,5174
6964198,698,3079
7823689,699,2246
4323406,700,3573
6351829,701,3177
1919729,701,2228
9137621,702,2887
8969551,702,4745
5905795,703,5682
2954150,703,2872
8404911,704,2213
6304391,705,2282
8808076,706,2648
4708684,706,4694
6489164,706,3578
6091498,707,5673
7634779,707,758
2752067,707,1285
5993276,707,4301
8238255,708,1429
8261800,709,2123
8473297,709,2247
7514168,709,4110
4557159,710,1961
5126957,710,1166
2736944,711,1180
2771768,711,1331
2808603,713,3078
9408092,713,3155
7057506,713,4583
2953157,713,894
8672417,714,3330
6539456,714,2509
3601360,715,4969
2223816,715,3558
9156522,715,4346
9692393,716,4912
8511858,716,4000
7519235,717,751
4998118,717,1682
2606653,718,3907
4826769,718,3002
3937871,718,3085
2406214,718,858
6270639,719,1698
5702515,719,2561
9979182,719,864
4223858,720,5052
4856704,720,3780
6591943,720,1011
3711410,720,1009
3830250,721,1248
4177516,721,5566
1407501,722,1429
4790185,722,772
2704159,723,3814
8632722,723,4747
3185595,724,900
2256588,724,1000
9265342,726,3641
1339520,727,3914
1565141,727,3737
2612428,727,4134
6472679,727,1590
6541452,727,1179
5325429,728,4489
8458565,728,961
1815058,728,2471
2598924,729,5254
8393864,729,1959
3334573,729,845
2242388,731,2817
8039183,731,5546
9880058,731,2813
4168874,732,5593
3899392,732,1988
2965423,733,4635
2155396,733,4450
6532435,734,1603
8151175,734,2043
6697802,735,1034
8531757,735,5424
8807334,736,4171
7597822,736,2030
4992178,736,1558
8394156,739,4871
2388177,739,5199
3906093,739,3496
1567367,740,4131
4504564,741,2961
7705728,741,4767
1878284,742,3254
7559542,743,988
4379565,744,3484
9059402,744,5264
2324678,745,3932
5811067,745,4600
8482176,746,1646
2125708,746,2934
8473500,746,2845
1032689,747,5328
8236548,749,5294
2307343,749,2479
7015803,750,2291
8014593,750,1782
9860012,750,3779
3809584,750,3869
3676901,751,4046
7088141,751,3294
5256602,752,5019
7756035,752,2751
8472731,752,5185
1551366,752,1742
2347836,753,4543
3120996,754,2077
7614622,754,4625
2221692,754,3906
4088494,755,3014
6227409,755,2878
6988359,755,5291
2513387,756,3614
3413069,756,1382
1422512,757,2368
4537063,758,5413
4668538,758,2727
4105662,759,1736
5454035,759,5698
7160051,759,858
4187066,760,1318
4851215,760,3816
8397424,760,5363
1186979,760,1854
1108754,761,3046
5186282,762,1036
6690818,762,3772
3381005,762,2850
9929619,762,3548
6081383,763,2085
4830739,763,1030
9070359,764,3053
3070786,764,1963
7763346,764,1644
9266923,765,4078
9918946,765,1910
1232155,766,3144
8440922,767,2584
1313154,767,3347
5158002,767,4274
8427308,767,1299
8003929,767,5365
8406755,769,5386
7085989,770,5590
4448951,770,4364
6008743,771,2062
5149066,771,2225
3437526,773,951
4186798,773,2282
2886167,775,1739
6768973,777,4778
3406493,777,1199
3332125,777,2697
3970823,777,5214
6709518,778,3131
7828543,778,4938
5093681,778,2622
6712334,778,1687
8392392,778,3642
5234873,780,2616
5917626,780,2462
1445659,780,3924
6692236,781,1648
4496866,781,4340
1502748,781,2132
7275971,782,4647
9283321,782,1630
4082322,782,2880
1873741,782,1702
5807863,782,3287
1708321,782,3845
6356648,783,1494
7514467,784,3485
4095162,784,1187
1760306,784,2513
7884892,785,2608
3402032,786,4310
2900656,787,5055
8998963,787,2926
5375326,787,2497
2529257,788,2019
4240060,789,4898
8619326,789,1153
6650690,789,2923
5336367,789,1718
9639185,790,4401
4331274,790,4927
6635553,790,4337
5585068,791,4630
7929995,791,2095
5331546,791,4194
3266748,791,3910
8271798,791,3206
4329375,792,2399
5549824,793,2116
8752200,793,4262
4532584,794,3320
2270598,795,2771
3550652,796,2776
7412795,797,2599
7151624,797,4899
5832072,798,1376
5808926,798,4117
6251030,798,2436
6460893,798,2107
9609730,799,3282
2978240,800,2827
2164503,800,5479
2563984,801,2369
6371488,801,2481
7970718,801,4656
8979173,801,3156
8074218,801,4550
9820960,802,3919
6079476,802,5205
1163026,803,3290
5336113,803,1547
5985333,804,4142
6746184,804,1269
7985201,804,2498
7127287,805,2839
7520438,805,1336
7426320,806,1145
2146077,806,1842
9125099,806,3613
3852629,806,1812
1798723,808,4190
8519740,808,4091
7626071,809,1396
9288650,810,3504
2392034,812,5537
7246727,812,5216
9668545,812,4703
7344788,813,2980
3014571,813,5141
1265331,814,5268
3559993,814,4260
2206975,814,3356
2448715,815,3009
5793144,815,895
4578730,816,5349
1075966,817,4905
9186478,817,3784
2444858,818,3856
5286568,818,4782
8924564,818,1724
7717810,819,3395
9375296,819,1723
4718132,820,2832
5813013,820,2808
8088099,820,5486
1713940,821,1904
6424549,822,3135
1524357,823,3460
4787765,823,5427
4957380,823,3171
9863495,823,3862
8816548,824,1114
8733679,826,1641
8798672,827,4843
1544252,827,2767
9228488,828,3692
6198236,828,4206
1847989,829,1036
3950701,829,5256
3437849,831,1411
3735338,831,2790
9833714,832,3575
8188014,832,4989
7724503,833,4474
2706111,835,4790
5218365,836,951
8479130,836,1993
5640198,837,2188
8784724,838,1229
9904318,838,2426
4424265,839,5557
9797876,840,4711
3020714,840,4274
8265256,840,4509
1920298,841,5286
8314423,841,5457
7774690,841,1060
3876368,841,4347
8725634,841,4451
9718212,841,3937
1494638,842,2789
8605160,842,4045
4416292,842,2601
4504007,843,3088
9297089,845,5706
9428265,846,4549
8698695,846,5115
3523505,846,4243
9034386,846,3364
2428477,846,4323
9247998,846,3765
7121061,846,3358
2938019,846,5836
7919170,847,5816
3552257,847,4977
5031887,848,850
1416376,849,3919
1116534,850,4682
3434388,850,1617
9234374,850,4250
8476256,851,5273
8074233,851,2924
9469889,851,2783
8623370,852,4746
1594309,853,4355
8557017,853,2883
4067912,853,5031
2194077,853,2072
2991624,855,1509
9891995,855,4102
1501551,855,2063
2202236,856,4493
9129996,857,2934
3143718,857,2085
6236843,859,5371
5747224,859,3858
1495571,859,5297
6989297,859,4284
5274385,860,5805
1162921,860,5190
9294062,860,1679
9768049,861,4234
7196480,861,4147
5585986,862,2839
4239905,862,3749
4035357,863,3499
7430081,863,2654
1095730,863,4850
7365783,864,4338
4673056,865,2155
9285544,865,2881
8456426,866,4291
5339813,867,5696
8083573,867,1794
8781400,868,2018
8507087,869,1097
7289887,869,3286
9808407,869,2877
7223766,870,2104
1563031,870,3886
4241470,871,3823
9615171,872,2937
2693956,873,5439
3407650,873,3909
7550840,874,1468
3649544,875,3095
2436394,875,2584
2720765,877,4337
2196618,877,3121
3582887,877,880
8835027,878,2110
7826616,878,4124
3524452,878,1082
9119046,878,1201
7281698,879,4026
9850710,879,4248
7696652,880,5582
7436051,881,3724
1902725,882,2598
3194064,883,5764
4273871,884,1035
7816495,886,3492
6517626,886,1857
8367168,886,1580
1664322,887,5741
8715908,887,4618
6341670,887,1207
7761068,888,5442
9633792,888,4452
2348867,889,4223
3974746,890,4294
2689060,891,1705
4895848,891,4565
5121259,891,3804
3964208,891,2880
2581059,892,1655
6779734,892,5718
5825430,892,1988
2891232,893,4763
6987525,896,2515
8182622,897,2782
2939326,897,5473
5238670,898,5371
5277956,899,3116
3108476,899,5134
7088884,899,4941
7091384,899,2521
6638553,899,3596
6806996,900,1267
4930033,900,4411
9960112,900,4441
8081793,901,2819
7148898,901,5363
7852829,902,973
7017896,902,2205
3053843,903,1818
5209349,905,1976
5265880,905,4106
1582668,906,4613
1680819,906,5286
4044021,907,2984
2010368,908,3557
6637680,908,3611
9584323,909,4484
7208977,909,4118
7810534,909,1034
6097682,910,1749
4415844,910,3229
8667157,911,2932
1859270,911,2950
2628392,911,3659
8849575,912,3934
9503063,912,3789
6634260,913,4536
6427714,913,5209
3432878,913,3863
5649885,914,2226
9386392,916,5135
4754915,916,4097
2974469,916,2731
9393312,916,3562
4784381,916,3600
9011398,916,4294
5707204,917,3755
2206502,918,4951
5070678,918,3540
4906454,919,4230
6800160,920,4966
2487809,920,3796
8763597,920,2946
4650223,920,1884
6635959,920,2457
7005207,921,3912
6129441,921,2006
3462586,921,3019
8500433,921,2807
6292192,921,1453
1994672,922,3026
1147196,922,5821
1556987,922,987
7933257,922,5525
5995843,922,4428
8554182,922,3383
1368009,923,3419
7287020,923,5735
3314418,925,3530
5975642,925,2997
4443303,925,2475
2736511,925,1955
5355057,925,4112
1454042,926,1071
3373682,927,4646
3380125,927,3141
6443957,928,1776
7208962,928,4556
4298199,928,5024
6102141,929,3586
8594423,930,3504
4522696,930,3830
1041870,930,2972
5077685,931,3728
1818221,931,1581
2856010,932,5766
8994231,932,2638
4583135,933,2562
6696123,933,3507
1470939,934,2845
7253238,935,2307
7172570,936,5911
4545265,936,2026
8492725,937,4959
3272377,939,1715
2058471,939,2424
9620865,939,4405
1839143,940,3329
2646433,940,4849
5164914,940,1054
2281014,941,5034
8122701,941,5064
9745575,941,5304
1513678,941,1815
5327492,942,3801
5882114,942,1576
3366949,943,3587
8054694,944,2086
7866929,944,3116
3058808,945,1172
1625352,945,2410
6949174,945,4138
8443185,945,3630
8016839,945,1263
8030397,946,4598
4554049,946,1457
1691142,946,4441
4572429,946,5216
1730810,947,2184
5910270,947,5024
9072893,947,3913
5839703,948,1654
4504577,948,3803
1859024,948,2341
3030377,948,4096
5386763,948,1877
9198217,948,2168
3395782,948,4344
9655004,948,4607
3847430,949,3715
7570604,950,1940
5350948,950,5157
4960977,951,2811
4714351,951,5888
4882172,951,1492
1115599,952,2212
1899073,952,4825
7863720,952,4431
9034811,953,1734
1472929,953,1069
8741514,953,4555
1425171,954,1316
2223830,954,2712
4376347,955,2492
3415653,955,5634
1859397,956,4428
1168240,956,2848
7416485,956,2013
9155431,956,3302
1609250,957,4880
4445956,957,3638
9451024,957,1220
6199194,958,2479
3380595,958,5328
4190133,958,1059
7176438,959,1738
6987990,959,5199
9584176,959,4683
2214965,959,5746
3269522,960,3692
6036945,960,5946
6864946,960,4223
6859907,960,5819
4171866,960,1242
6719279,961,5524
7181879,961,4136
3199342,961,2973
1095078,961,2959
9193990,962,1109
9283775,963,1813
8161199,964,2946
3801020,964,4449
2478861,965,4631
2038640,965,2264
3429440,966,1857
9844918,966,5770
6204419,967,5190
9908206,968,3179
2160660,968,2823
2294226,968,3814
5374475,969,4515
9875846,969,2948
9936711,971,4029
8485806,972,5457
9827938,972,1516
3536648,973,3730
9988088,974,5635
8245760,975,2894
6314199,975,3789
1958501,975,3288
8171565,976,2303
4130496,976,2385
6641868,977,1324
4889167,978,1521
2156667,979,1579
8379696,979,1630
1087785,980,5711
5049672,980,2506
6821554,981,3169
4739379,982,1119
5344569,982,5036
9181845,983,3892
5171226,985,3887
6625645,985,1494
2969992,985,4997
4906917,985,5787
6213942,985,1875
1651005,985,5047
3459574,986,4523
8330784,987,2196
2502913,987,1576
3250949,987,1284
1655345,987,1168
9195930,987,5138
3217227,988,2132
5472978,989,3490
8102030,989,3796
5149146,990,3119
4427015,990,5260
6394327,991,3405
7739232,991,3039
5819099,991,3400
6389448,991,3072
2276749,992,5968
2446147,992,3981
6043728,992,2488
1703141,992,5134
6151810,992,3857
1008368,993,2974
7863412,994,2786
3478796,995,1445
5092897,996,2426
6950913,996,2813
3185074,996,4081
8083129,997,3958
9977263,997,1783
2179934,997,3473
7990163,997,5028
2293694,998,1345
6072139,998,2671
7720605,999,3138
7461630,999,2062
8471483,1000,2399
8063738,1000,5125
4555935,1001,1663
3019805,1002,2216
6686131,1002,5737
3337883,1003,5991
6379982,1003,3808
9603604,1004,4321
2360755,1005,2434
9449180,1005,3595
7720406,1005,4027
1697110,1005,5949
4462323,1006,4998
8206926,1006,3381
8989012,1006,1547
8275042,1008,5793
1530116,1009,2677
6410283,1009,4432
9896405,1009,3550
1203585,1010,3567
3698492,1010,1477
1320159,1010,1870
9014345,1011,4730
7215482,1012,3389
6905776,1013,5418
8271814,1015,3493
8316782,1016,1281
8050621,1016,3532
6190476,1016,4474
7318417,1016,4660
7617214,1017,2302
8809824,1017,4256
9927372,1017,2315
4696471,1018,2215
3747931,1018,5269
2047887,1019,1052
3450136,1020,3736
4290239,1020,1410
9642717,1021,3411
9174706,1021,5355
8280050,1021,5922
4203372,1022,4284
6840865,1022,5122
1160480,1023,4437
3236667,1024,4541
7727764,1024,4790
4011384,1025,4353
5554383,1027,1497
3689323,1027,1423
3885018,1027,4946
2825403,1027,6023
6032540,1028,5156
9624114,1030,5982
3156671,1031,3870
3998142,1031,4460
4560349,1031,5643
4448830,1031,3054
2489925,1032,4941
3466040,1032,2648
6953129,1032,1929
4267917,1033,2424
2948730,1035,3141
2658296,1036,4921
1534404,1037,4908
2183708,1037,5516
7231665,1037,5552
5566815,1039,2240
9603596,1040,4597
5857670,1041,3605
2487411,1042,4654
8443839,1042,3443
1100036,1043,3993
1545116,1043,3596
6966030,1043,4388
5553598,1044,2309
7494229,1044,2186
1027206,1045,4940
5957343,1045,5305
5170062,1046,6032
3690955,1046,3845
9842463,1046,3187
5793940,1046,4850
8829519,1047,5819
2447036,1047,1954
5294402,1047,5327
2560097,1048,3511
6305776,1049,3755
2622458,1050,4781
5032073,1050,4591
4487398,1052,4454
7838613,1053,3090
9399776,1053,4383
6355988,1055,3197
6461061,1055,1872
2052903,1056,4618
9298551,1056,1969
3243056,1056,1085
5984791,1056,4567
1700482,1056,5752
8217982,1057,1829
5620531,1057,3451
1391682,1057,5881
3205301,1058,1561
4964246,1058,3278
4660006,1058,3662
5425597,1058,2039
6568314,1060,4931
5250657,1060,5954
8133493,1060,5770
5951130,1062,1484
2934236,1063,3068
5614343,1064,5588
7695714,1064,2459
9551829,1064,3368
7715469,1064,2490
1628248,1065,4268
1739751,1065,6049
3361249,1065,2379
7134497,1065,3206
3579802,1066,1274
8447692,1066,4618
5377877,1067,4285
1797048,1067,3657
5314237,1068,2511
9869228,1068,4560
4560183,1069,3113
9111346,1069,5940
4849136,1069,5719
5578688,1070,1559
1523126,1070,2852
2302105,1071,4044
4476037,1071,3786
9936346,1072,1766
5436771,1072,1137
8023399,1072,1202
8526953,1072,3541
4027723,1072,1260
4741939,1073,2312
2405295,1074,4563
1914091,1074,5884
8431363,1074,2303
1219131,1074,4168
5936194,1074,5389
4906470,1076,5356
8857177,1076,1084
7550125,1077,1722
2267848,1077,2259
1972749,1078,5194
7243755,1078,1347
5430216,1079,1699
2224239,1079,2411
1915408,1079,2877
4547521,1079,5710
1597145,1079,5480
7726315,1079,3431
7572914,1079,4737
9773010,1080,5179
6362060,1082,4633
3561198,1082,3340
9737914,1083,5951
8999824,1084,5148
7429248,1085,5364
7140894,1085,3672
2006234,1085,2796
6114651,1085,3567
7388492,1085,3735
6007047,1085,4543
2602605,1085,2087
5477652,1085,1799
6766137,1086,3209
5613928,1087,4548
6070680,1087,1425
6305031,1087,5293
3818537,1087,3370
9979675,1087,3415
4415441,1087,3835
8532314,1087,2350
9303236,1088,3293
2189078,1088,3800
6121833,1089,3098
3709623,1090,1104
3760976,1090,3424
4065059,1090,2307
7495559,1090,4407
6396919,1091,1514
7361338,1091,1500
9421037,1093,2464
2234274,1093,5382
3820900,1094,3225
8989192,1094,3284
4687860,1096,1342
6997291,1097,1791
3295242,1098,4785
6714971,1099,1939
6822257,1099,1559
1593995,1100,4140
4631204,1100,3176
3506898,1100,5083
1587936,1100,4012
9297573,1101,2456
4688028,1101,5121
1283449,1103,2836
4503876,1104,5317
5981427,1104,2647
2243976,1104,3209
2744734,1105,5720
4635786,1106,5832
8065251,1106,1619
4177625,1106,1266
4581807,1107,4997
4172542,1107,5128
9104679,1107,3776
3594429,1107,4894
1469300,1108,4479
1534976,1109,2833
3835640,1110,5755
2788369,1110,3323
6048556,1111,3122
4627500,1111,3989
2849534,1111,3364
8028943,1111,4809
1891566,1111,5813
7642838,1111,5765
4587355,1112,2205
3630305,1112,3875
9864345,1113,1742
8046613,1113,2546
6814235,1113,1813
3377466,1113,1920
5461429,1113,1508
2352225,1115,4286
5539261,1116,5806
1455846,1116,3781
2317696,1118,2016
5715223,1118,2557
2703159,1119,4701
3875248,1119,1668
9755687,1119,4620
8040843,1119,4365
2729173,1120,6023
1792750,1120,3799
5757316,1120,5187
9969694,1121,4565
6836442,1122,1899
7293313,1122,3893
1295387,1122,2936
1407933,1123,3858
6309492,1123,3519
1278515,1123,2280
2036221,1125,1947
8222849,1126,5909
8231941,1126,3004
6542260,1126,1784
4355216,1127,1502
4463327,1127,5378
6506673,1127,2238
7531007,1128,3452
9674903,1129,5811
5797766,1129,3775
7438370,1129,4580
4523465,1129,5697
2600722,1131,3820
1516694,1131,1729
3585410,1132,4806
4355792,1132,6018
5302073,1132,1567
3866677,1132,3084
9410295,1132,2678
4428596,1134,2049
9222920,1134,4786
7372949,1136,1617
8337172,1138,3983
7296818,1138,3210
8977251,1139,4397
8641362,1140,1391
3511392,1141,3075
6125688,1142,3628
3839446,1142,3983
7652609,1143,5199
3552742,1144,2211
4925343,1145,4226
8048554,1145,4375
6701536,1145,4880
8580788,1146,1960
1656619,1146,2829
6160527,1146,5090
6154480,1147,3418
2727888,1147,4127
7436560,1147,1632
6559382,1147,3379
7355445,1148,3778
1161199,1149,5040
4819477,1150,1166
7660372,1151,4000
8191943,1151,2724
5172020,1152,4733
6792438,1153,2337
5469989,1153,4275
5525216,1153,3911
1626710,1154,3871
3934362,1154,4764
6952819,1154,3066
1868381,1154,4796
4516492,1155,5667
8145526,1155,1182
2506357,1155,2500
3299745,1157,1948
9402673,1157,4932
8644201,1157,5584
5415600,1158,2566
3825942,1158,1752
6236363,1158,5244
9231243,1160,1636
2950331,1161,5549
2902008,1161,1726
3598557,1162,4610
5311437,1163,4665
6861777,1163,4311
7965631,1163,4582
4386494,1163,5124
4301542,1164,2000
2565352,1164,5751
7638373,1165,6148
9295348,1166,5694
4589643,1166,4452
9987023,1168,4416
4175274,1168,5651
8815793,1168,2639
4123393,1171,5884
2009715,1172,1431
7002557,1172,2240
5276062,1173,6090
2179472,1173,3072
7431942,1174,4463
6132709,1175,5504
1727452,1175,3149
3162290,1175,5184
2932335,1175,2499
6722279,1175,3220
4672548,1175,3277
9360443,1176,2455
3809750,1176,4448
9832779,1177,4759
5577414,1177,5807
2035424,1177,5926
2904159,1178,5950
9577299,1179,1866
7238844,1179,2526
2695518,1179,5021
1226614,1180,1918
1302783,1180,6154
3095406,1181,4807
6712189,1181,2842
6392277,1181,3896
3478314,1181,3111
6239710,1182,5719
5349702,1182,4699
7452525,1182,3074
6060140,1182,3355
8710090,1182,4017
1380262,1183,2909
8261707,1183,3544
2947179,1183,5424
9342922,1183,5037
2513588,1183,5357
9826757,1184,1506
7206698,1185,5176
8591756,1185,2423
9782390,1185,2474
3020062,1185,6133
6359834,1186,4719
7316267,1186,3463
8433265,1186,1854
6534772,1186,3230
1985694,1187,4551
1310769,1187,2090
9574682,1188,2293
1227382,1191,3677
9230992,1191,4836
6342753,1192,1602
6754105,1192,1941
9049782,1194,5291
9096392,1195,3449
2179792,1195,1552
2945545,1195,5656
1437530,1196,2723
7787978,1196,5054
1823860,1197,5975
1783322,1198,3427
1009801,1198,5973
9667392,1198,2944
2030508,1199,2181
2666483,1200,3980
4975717,1202,5928
4515793,1202,3687
8477165,1202,5640
6713771,1202,5084
7047973,1203,3809
9398497,1206,4876
8992860,1206,2243
1521166,1206,5472
7330321,1206,5241
4800105,1206,4207
5170827,1206,5295
9776797,1208,5995
7607942,1208,5414
7288717,1208,1666
7859503,1208,4354
7970073,1209,2086
2801664,1209,6204
9135341,1209,3247
4731094,1209,3023
1903068,1210,5375
5751172,1211,3540
4391914,1211,1404
8755579,1211,1930
9661776,1212,2598
3596594,1213,4515
2493495,1213,2050
4027350,1214,3754
5464206,1214,6136
1857534,1214,5508
7632133,1215,1668
7754776,1215,3419
9390288,1215,2923
3924257,1215,6190
8439746,1217,3999
2814401,1217,4108
8307247,1217,1816
8132121,1217,1322
4611020,1218,1338
9234361,1218,3419
4499536,1219,2111
2734388,1219,1682
7227311,1219,4674
6380909,1219,3416
2451894,1220,3063
8307604,1220,3093
2718766,1221,2568
8377363,1221,4875
9861020,1222,2344
8815211,1222,1831
8452770,1222,1469
8918185,1222,4194
8392354,1223,4322
3001641,1223,3031
4518495,1223,1895
3185539,1224,4118
9869649,1225,4742
4688427,1225,2175
1317481,1228,4638
2207502,1228,1527
2255807,1228,3892
8618141,1229,1945
6394438,1229,2574
8044248,1230,3307
8405638,1230,3641
5593999,1232,6103
9951759,1233,2989
8288997,1233,2232
4133533,1234,3866
6320036,1234,2601
1102337,1234,5355
1562125,1235,3833
7570840,1235,4198
5868633,1235,5756
3126095,1235,6068
2624033,1236,2139
8213878,1236,1934
8531947,1237,4165
5867569,1237,4423
9894146,1237,2502
1429320,1237,2678
8739801,1238,5341
7557936,1238,1559
7872109,1238,5937
7511012,1238,1721
4019696,1239,4412
7754868,1239,3146
1162147,1239,6233
2420466,1239,2250
4779088,1240,3888
6280236,1240,5717
4594716,1240,4585
5152222,1241,6184
4213060,1241,3255
1353567,1241,2397
8412877,1241,3554
7104013,1241,2870
9971039,1243,4338
2618960,1244,5953
6593855,1245,5137
3534191,1246,5160
7244047,1246,2594
9365261,1246,5884
5961569,1248,4145
4706084,1248,5147
8626190,1249,3387
1056051,1249,3115
1971897,1249,2655
7310990,1249,5436
8306702,1250,2026
5674501,1250,4875
7479601,1250,4084
6087148,1250,2813
4888120,1252,2121
8714613,1252,4270
4039734,1252,2672
7329950,1252,3218
4065542,1253,3932
6997940,1253,1266
8153337,1254,3847
7378379,1254,3522
4730764,1256,4226
3669962,1257,5738
5870223,1257,4068
5508384,1257,5153
4163438,1261,6026
5869197,1261,4578
6946443,1263,2059
4498525,1263,4563
2771677,1265,5723
3610907,1266,1852
4061287,1266,4636
6899395,1267,2083
6095432,1267,6104
8363781,1267,2216
5854957,1268,5466
6846236,1268,2046
5339260,1268,2483
3789681,1268,2942
6116282,1268,2249
2061272,1268,1965
8293007,1272,4158
4827258,1272,4863
8544109,1273,2258
8778073,1273,5411
5737587,1274,4366
2032589,1274,4015
3599161,1275,3628
3468717,1276,4090
9771956,1276,3243
3056783,1277,3999
5776603,1277,3651
9216549,1277,1774
2068811,1278,4539
1154421,1279,2936
9396368,1281,4466
1133984,1282,1339
4409499,1282,4489
9341710,1283,3350
4554106,1284,3944
6477667,1285,5199
7852347,1286,2825
5668538,1286,3520
3827995,1287,5168
7185157,1288,4249
6252709,1289,1651
6726776,1289,2878
5730449,1289,5787
8315286,1290,4288
9263706,1290,3487
8348551,1292,1510
8556786,1292,2694
5168906,1293,3176
8743666,1293,3076
7918896,1294,5391
9976610,1294,5185
9738330,1296,3226
3106200,1297,5923
8719396,1298,3845
7980291,1298,4480
2787762,1299,3280
4954291,1300,4202
1794904,1302,3140
3387415,1302,4828
2366714,1302,5527
7358987,1302,5278
7188350,1302,2668
5504757,1303,6300
4530754,1304,5128
4296528,1305,4084
6189714,1305,1665
8923205,1306,5048
4036979,1307,3502
5108225,1307,5762
2045778,1307,1417
6000550,1307,3216
5073347,1308,3623
3495678,1308,6135
1102767,1308,2022
2194586,1309,3609
4795905,1309,1491
4319963,1310,3255
2828887,1312,3123
7982312,1313,3924
8826701,1314,3110
6041375,1315,1590
4387248,1316,2571
6889125,1316,3041
2151567,1317,5174
3942235,1318,3993
8321184,1318,4043
3388358,1318,5255
6941516,1318,5826
3145170,1319,1511
1562127,1319,4920
7445040,1320,4045
2893340,1320,3881
1677762,1321,2373
1680977,1321,3647
9221718,1321,2449
4315465,1321,3857
7632647,1322,5670
2877695,1322,5062
7571078,1322,2693
4749953,1323,5835
9516306,1325,1582
8107255,1326,4622
3615102,1326,4315
6840316,1326,2880
2979291,1326,1771
6863936,1327,2527
1222793,1327,6218
4307675,1328,2278
6697864,1328,1756
8061412,1328,1962
9787543,1329,4063
8665983,1330,3955
2506637,1330,5644
7217731,1330,2489
1773335,1331,1459
8766575,1331,2588
6251216,1331,3035
7618531,1335,4630
2845594,1335,4762
7256831,1335,2767
5767092,1335,5384
6433668,1337,5722
2797559,1337,6088
6501256,1337,5195
4348073,1337,4571
9571841,1337,1554
9458085,1337,2834
5897973,1338,4049
9252616,1339,4880
6911788,1340,5089
8233828,1340,2881
1177140,1341,1697
7490892,1342,2972
7912416,1344,1860
9367030,1344,1769
2018347,1345,6155
6255200,1345,4772
5585514,1345,5171
8427397,1346,4774
8352661,1346,4373
1165065,1346,6095
4332369,1347,3208
9484997,1347,3954
3662863,1347,1555
6904295,1347,1480
3275379,1348,2002
4043482,1348,4429
2208956,1349,4566
2074197,1349,1920
1778215,1350,5848
4556331,1350,4971
3550498,1350,3144
8376284,1350,2765
4711896,1350,1469
2213729,1351,5749
5666829,1351,5063
2512657,1352,4647
9546230,1352,3364
4389440,1353,3113
1770558,1353,2760
3625688,1353,4747
9473212,1354,6233
5654809,1354,4220
2539451,1355,3525
4847384,1356,2810
9747837,1357,2288
3743964,1357,2745
4538097,1358,5487
5700208,1358,3224
7019750,1359,3973
4166078,1359,4609
3187770,1359,2055
3292392,1360,4176
3908566,1360,3298
4332738,1360,1714
5823604,1361,2597
2551190,1361,5617
9169304,1361,2132
8796834,1362,3134
9015259,1362,2379
5655968,1362,2468
9724175,1362,5011
9630040,1363,2415
9423332,1364,5862
5704725,1366,5622
8837441,1367,1684
1135902,1368,3920
6001395,1368,6161
2361680,1369,4007
2322218,1369,6258
3827369,1369,3422
3770635,1370,3060
7961045,1370,1730
9377616,1372,5051
7702957,1372,2465
2743296,1372,3952
6247178,1373,4875
6749888,1373,4349
8223182,1373,5027
9652450,1373,5259
5898003,1373,1381
6481545,1373,3114
3740354,1373,2598
5931155,1374,3270
8960195,1374,5214
2788678,1375,5855
5739763,1376,1906
3564363,1376,3346
1289553,1377,4921
6328927,1379,4211
2205746,1380,2722
1191617,1380,2502
2707673,1381,2699
8454628,1381,3475
2758792,1382,3045
3485016,1383,6032
7455512,1383,5690
8918442,1384,1697
4298984,1384,2994
3647752,1384,4230
4396329,1384,4034
4754465,1385,2330
4453677,1386,5600
4983286,1386,5963
5074053,1387,4485
2271811,1387,5419
7483223,1387,5366
5783467,1388,4397
2461709,1389,5246
8734298,1389,2395
9157013,1390,3485
6970155,1391,3123
7978863,1391,2189
4237385,1391,6171
8923511,1391,5379
6921320,1392,2793
5074381,1392,5715
2291595,1394,4776
7059439,1395,1982
3710476,1396,4530
8208279,1396,4511
2301669,1396,5532
2362150,1396,2774
4317021,1396,4101
9040933,1396,3358
7255947,1397,3020
6862592,1397,3214
3623025,1398,6269
1405983,1399,5612
1316730,1399,5992
2753736,1400,2040
8072547,1400,1707
9296111,1400,3299
5813057,1401,6299
9509165,1401,3342
2409516,1401,6218
5524182,1401,3002
9967458,1402,5552
6877354,1403,6306
6205166,1403,5550
7145408,1404,5021
5456600,1405,6338
9687212,1405,1516
6498850,1405,2116
3653217,1405,5925
5820451,1405,6335
9753927,1405,2021
9478732,1406,5742
2142495,1407,5117
9533283,1408,3959
1370944,1408,2036
9170468,1409,2409
4791090,1409,4923
2715131,1409,4871
8731350,1409,5627
2951459,1410,3508
9776725,1411,5388
4427098,1412,6164
7472978,1413,5454
5545058,1413,4070
3856170,1414,3001
4341094,1414,3941
8548921,1414,1587
8559021,1414,3306
9765306,1415,4252
9765986,1415,4471
3028726,1416,2363
7128807,1416,3950
5717672,1416,1807
9070302,1417,6014
3165703,1417,5604
6234891,1417,4525
4562216,1418,2853
4964195,1418,3846
8218120,1419,5368
4909370,1419,2826
7754428,1419,5297
3985173,1420,2581
1582362,1420,3887
8023810,1420,5565
3652413,1421,5925
5739358,1421,5908
7792305,1421,5222
9662836,1421,4077
6258334,1422,4263
8023244,1422,2887
7865404,1423,4389
2352860,1423,5503
1070462,1424,4609
8473427,1425,4066
3543501,1425,5452
1021656,1426,3664
2602802,1426,2282
5490786,1426,2654
8455075,1427,5526
7902298,1427,4798
6616697,1427,6165
4655391,1428,4749
4671686,1428,1759
7878244,1430,4637
6191587,1430,2125
4667401,1430,3650
9960102,1431,1464
2287598,1432,3969
4351205,1433,2514
4344821,1434,1435
5529193,1434,4499
9873065,1435,4528
4916481,1436,1846
2498788,1437,3635
9065468,1437,4097
4157926,1438,5660
7415322,1439,3634
6306148,1439,1786
7567265,1440,3118
3532009,1441,6086
2339021,1441,5505
4125178,1441,2478
5711778,1442,2452
5487720,1443,4119
5199081,1443,2827
9603181,1444,5377
2174957,1445,5394
6399915,1445,4672
4849803,1445,2603
7187554,1446,5522
7761167,1446,6269
9141746,1446,2512
1781121,1446,2587
4695365,1447,5244
3151373,1447,3038
2436907,1447,6107
5140838,1448,1752
8649623,1448,5547
6068409,1449,1841
8067307,1450,2164
3855806,1450,3545
3082943,1451,2596
8606715,1451,5615
9048779,1452,1480
7558605,1452,5492
9922121,1452,4320
1010633,1452,2612
9171597,1453,1522
8502291,1454,2109
8237429,1454,2608
2783453,1454,2568
6341174,1454,5530
5999854,1455,4536
9057529,1455,2474
2640028,1455,4670
9905978,1455,1649
6114858,1456,2042
8658901,1456,4981
8152968,1456,2190
5410914,1457,3885
6049488,1457,2916
4816782,1457,2580
7585758,1458,3725
4729667,1459,3386
5636646,1461,6145
8227189,1463,5758
3514197,1464,2180
1490285,1465,3159
3427387,1465,4167
5190853,1466,4967
1958647,1466,3248
6507408,1467,4782
8658278,1468,6302
6040293,1468,5518
2264208,1470,4399
5094960,1471,4602
1965640,1471,4646
9169589,1472,1916
3152759,1473,5709
8585971,1474,5449
4212519,1474,3992
1070788,1475,5116
4355602,1475,5487
9761248,1475,5178
3255500,1475,2379
6806447,1476,5646
1068217,1476,4745
9066499,1476,2889
2120151,1476,5257
4805385,1476,3301
7003897,1478,4439
3023154,1478,2999
2648063,1478,2843
7186881,1479,5794
7548340,1480,2845
2178059,1481,5236
2161938,1481,4694
3036664,1481,3301
6936341,1481,4442
6375717,1481,2506
7916505,1482,4816
6869571,1483,5881
2908947,1484,4879
3389198,1484,2835
1956441,1484,4920
6093121,1484,4368
7884955,1484,3821
6660472,1485,3976
5695343,1486,5104
4517025,1487,4673
6107595,1487,2451
8583451,1487,2821
6099340,1487,4736
4188386,1488,4748
9874130,1488,1760
8491739,1488,2372
5544808,1489,3292
7164555,1489,1836
8454566,1489,5253
7637931,1490,2218
8970871,1490,2355
5046942,1491,2930
4930003,1491,2427
1592377,1494,5927
5770957,1494,2159
2278043,1494,6361
7443350,1494,6343
1379844,1494,6268
7227074,1495,2226
2246478,1495,3514
8332356,1495,5550
7613188,1495,4002
4965104,1495,5338
4209343,1496,4553
6465868,1496,6427
2600153,1497,2707
9935356,1497,4832
1696888,1498,3478
1885071,1498,5203
6708856,1498,5930
7052577,1498,4445
4018449,1499,2658
1061204,1500,4025
6307188,1500,6459
9168143,1501,2667
2195872,1501,3113
1597158,1502,2740
2781883,1502,3576
4906974,1503,3256
1717318,1504,1519
2233395,1505,4986
3085607,1506,3895
1891828,1507,3711
1404801,1507,4592
2450905,1507,2778
7640640,1508,5200
4976725,1508,2422
8683175,1508,5098
5334914,1508,2509
7857852,1508,3063
3881095,1508,4964
2849313,1509,2971
1552480,1509,6005
7086056,1510,2036
5573407,1510,4239
9932620,1510,5704
2919200,1511,2595
5443933,1511,2276
6221074,1513,2521
7338861,1513,6383
1965735,1513,3427
5088170,1514,2377
2057000,1514,3617
2334371,1515,6431
3063189,1515,4687
1063431,1515,4312
3732933,1516,4266
7072340,1517,5997
9502064,1517,4538
8112795,1517,4760
8685426,1517,6041
1846479,1518,5078
5978703,1519,2574
9449991,1520,4685
2673778,1520,4324
5704694,1521,6038
8479441,1521,5907
8520494,1522,1853
6351405,1522,6093
6376141,1522,1760
4117174,1523,2161
5180056,1523,2862
4976678,1524,2373
2403601,1524,3562
8665374,1524,1967
6092587,1525,4431
4127799,1525,5083
7411422,1525,2814
6607902,1526,2956
1467025,1526,2765
9058740,1527,5498
1313608,1527,6289
5580107,1528,2664
2957794,1528,6484
6263931,1529,3461
2447755,1530,5323
8853663,1530,4113
9055219,1531,5270
1760030,1532,2949
4431742,1532,5316
1074014,1532,3474
3679962,1533,6478
1781961,1533,3689
3699480,1533,4753
1191932,1534,5036
5399872,1534,5842
4321907,1535,5618
8434627,1537,6467
8567071,1537,6385
3644978,1538,2009
1515276,1538,5567
6363441,1538,4452
9958038,1538,4944
8188951,1538,2140
3105671,1538,4293
8049482,1539,4917
7855348,1540,3199
5794674,1540,3927
9168882,1541,3197
1652147,1541,3294
2670311,1541,2743
6055916,1543,2021
6794037,1543,6208
4441629,1543,1621
2506174,1543,3646
3133651,1543,6373
5620231,1543,5904
5781734,1545,3431
8513229,1546,4696
2505413,1546,1660
1287008,1547,3145
8355789,1547,2677
9003169,1547,2853
6095644,1549,4006
5333660,1550,4008
6164798,1550,2680
7645733,1550,5462
5207494,1551,4031
4078129,1551,4000
7463907,1551,2901
6383600,1551,3585
6222084,1552,4746
8839093,1554,1840
1544027,1555,2893
9461008,1555,3913
7536537,1555,5439
4904302,1556,2787
1955311,1556,5742
2068627,1556,5941
6423690,1557,5218
7247211,1558,5280
3499777,1560,3513
9092533,1560,2677
6881401,1560,3252
4832963,1562,3586
8246100,1562,1993
1418365,1562,6046
4068537,1563,3619
1720770,1563,2558
5458053,1563,3568
6129880,1564,3389
6138703,1564,5643
7216201,1565,1882
9689001,1566,4574
1573524,1567,3660
2818395,1568,4874
3930793,1570,6056
1009337,1571,6532
5494970,1572,3301
9289412,1572,4145
5237869,1572,6334
4493299,1572,6081
7558572,1573,2212
6978850,1573,2197
7260121,1574,5414
2736147,1574,3175
3738673,1575,3641
8001418,1575,3353
4026768,1576,6202
8394049,1579,2967
1696056,1579,4916
2573218,1580,4807
8520177,1580,3920
6649560,1580,5815
4734012,1581,4240
1225882,1582,2416
2004190,1582,4930
9564074,1583,5411
6543244,1583,3638
5296457,1583,4852
6885141,1584,4669
9194564,1585,2952
9391379,1585,5329
9645211,1585,5684
7062832,1585,4402
4948375,1586,5794
7970724,1586,4672
7882397,1586,3498
6627044,1587,1920
6800007,1588,2355
8626052,1589,3161
2262583,1589,5725
2628827,1589,3840
9937267,1589,6016
7573584,1590,4658
2915535,1591,6212
9353262,1593,5572
5641919,1593,5659
6849411,1593,6254
8714638,1594,5004
4811604,1594,4680
8825284,1594,2472
4996096,1595,3326
6296803,1597,1617
3086605,1597,2501
1201254,1598,4430
3218183,1599,5083
1005385,1599,4637
9352687,1599,1631
4128003,1599,3504
3089100,1600,3217
6353314,1600,5794
2824151,1601,5504
3511737,1601,2027
2205108,1602,2056
8235089,1602,6263
6573344,1605,5300
6059017,1607,3632
2809486,1607,6132
8973348,1607,2173
5994270,1609,2401
2654674,1609,5244
5301502,1609,2657
7553422,1609,1760
6536723,1609,4514
1147441,1609,3434
5933216,1609,2061
2033325,1610,6575
3292654,1610,2152
7212999,1610,3634
2207704,1610,2333
9261361,1611,2476
1941899,1611,4322
7421468,1613,3287
4229572,1613,6385
4616574,1613,6014
6545379,1614,4482
7396494,1614,6117
4853191,1614,6101
5457297,1614,3879
2954489,1616,4754
4892878,1616,5831
1871193,1616,6215
3316052,1616,3266
7412305,1617,6520
3949843,1617,2360
6971292,1618,6304
4809670,1618,3911
6869511,1620,6450
6464378,1620,1714
6921621,1620,4726
4373985,1620,6063
1091445,1621,4777
5275447,1622,4950
7769614,1622,5430
2159447,1622,4008
4418588,1622,3857
3535329,1622,1830
5236258,1623,3089
2649074,1624,3579
8373233,1625,2345
7415408,1625,5529
9897036,1625,5157
2532641,1625,4031
1917000,1625,6391
8552451,1626,4589
7146431,1626,4329
8105971,1627,1704
9948402,1627,4615
9299149,1627,5774
9309390,1627,5130
4518468,1627,1853
7999417,1627,6239
5629045,1627,6295
5771684,1628,5070
4313645,1628,5342
9938237,1629,4779
1371065,1629,6301
7935123,1629,2285
7947622,1630,4989
5324286,1630,6004
5435165,1631,6449
4834972,1633,4030
9552041,1634,3809
7734954,1634,4354
7450199,1634,6158
8514177,1635,3191
1694553,1635,4959
4639573,1635,1737
3883646,1636,2381
4973171,1636,5075
6479786,1636,3938
7435853,1636,3280
6169222,1637,2682
6910989,1637,5814
3891852,1637,6043
7872414,1637,5774
2391280,1637,6512
1149303,1638,4712
9451683,1639,2436
7345990,1639,2993
6835225,1640,2317
9712359,1640,1947
1064567,1641,4869
3373968,1641,5220
7201966,1641,3878
7422380,1642,4237
3219392,1642,5010
7733881,1642,3653
8831070,1642,6155
3750381,1644,3849
9447651,1645,2876
4137893,1646,3492
5835111,1646,4009
7012878,1647,4402
7121524,1648,6199
8567253,1648,3457
4048433,1648,4108
3204973,1649,4040
4116958,1649,5960
5135374,1649,5613
7786426,1650,6361
1097410,1650,4614
6425695,1651,5204
2576929,1652,3612
7536257,1653,2563
6778519,1654,2636
1665891,1655,2269
7302160,1655,4178
9770502,1655,4673
1952924,1655,5944
9256765,1656,5307
4012167,1657,4933
1660842,1657,6272
3740547,1657,5952
6630290,1658,3128
5407105,1660,5494
4641738,1660,4981
8435830,1661,6380
3655171,1662,1712
8411636,1662,2849
7240796,1663,3189
3330123,1663,3243
9664219,1663,2017
4760573,1664,3506
3393032,1664,2147
9493992,1664,3728
4861620,1664,6581
3945518,1665,5758
1109195,1665,4338
9520115,1666,6240
3630804,1666,2795
1226910,1666,3676
1328523,1667,2192
5489832,1667,3948
7056554,1669,4635
4331066,1669,5243
9898979,1670,2451
3087426,1671,5492
9059321,1672,2032
7964516,1672,4174
5676641,1673,3672
6136005,1673,5480
3172678,1673,5086
5885992,1674,3880
2297363,1674,4791
4216000,1675,5852
5206610,1675,1886
4407535,1675,4769
4872636,1676,2171
3115639,1676,2949
9969952,1676,1982
8468085,1676,3731
7935863,1676,4037
3197846,1678,4985
6822827,1678,2932
3649780,1678,2165
8745779,1680,3213
5596101,1681,3311
5451602,1681,6533
2618856,1682,5170
6098497,1682,4316
2392935,1682,4718
3835564,1683,5611
6904512,1684,4100
6127798,1685,3306
9773604,1685,6411
2698021,1685,1981
5445389,1686,4910
7708849,1686,5213
9980027,1688,2684
9459935,1688,4753
3677436,1689,3036
1986017,1689,3192
9442286,1691,3884
5056616,1691,1946
2823091,1692,2921
3945625,1692,5522
4920673,1693,3337
8392487,1693,3679
4539435,1694,5532
6448895,1694,4765
9123972,1695,1995
1342941,1695,3083
5311294,1695,4832
3139759,1695,5374
9528589,1696,3883
7790043,1696,4452
6596606,1697,6449
3597919,1697,5270
5465533,1698,3672
4602987,1698,5013
4624577,1699,5901
8289397,1699,6292
5098907,1699,5178
8224899,1699,6052
8431173,1700,3126
7477434,1700,3358
9583744,1701,5897
9503078,1701,4394
5144910,1701,1836
6835454,1701,5531
3035412,1701,6004
7297631,1703,4785
6408070,1703,5336
7183661,1704,1730
5611805,1704,6114
3218020,1704,4905
7119918,1704,6386
9955540,1705,2932
6904870,1705,3487
9580994,1705,6544
8881790,1706,2221
1563956,1706,3851
3791966,1706,3104
9030281,1707,5111
1414797,1707,2971
7609747,1708,1748
9218105,1708,4731
9289463,1709,3477
1857935,1709,6256
1902213,1710,2312
8859985,1710,3875
6555861,1711,6271
1605602,1711,3971
3471954,1712,6536
7766300,1713,5449
9568619,1714,2155
5854744,1714,3192
3727736,1715,3396
1594492,1717,5706
3401214,1717,3049
6020488,1718,4513
6641877,1719,3813
2612494,1720,3949
3507333,1720,3977
8431117,1720,4637
6042525,1721,4806
4909938,1721,1839
2963001,1723,3006
1846422,1723,5587
6785874,1723,2183
7350242,1723,6553
9914084,1725,5240
7582221,1725,5163
8935375,1725,2737
7575900,1726,5169
2021858,1726,6312
3601011,1727,2571
8428492,1728,3280
8552510,1728,5024
6793081,1728,6030
9554478,1729,3583
6331678,1730,5506
8511611,1730,4734
5799064,1730,6491
8867810,1731,6189
6143354,1732,1869
3669515,1732,5865
1035151,1732,6356
2817649,1733,5621
3865881,1734,2561
1221176,1734,1985
8608228,1734,5312
5697333,1735,5893
6231042,1735,4110
4241630,1735,6379
3962876,1735,2825
9841885,1736,6208
5352963,1738,4447
5709411,1738,6536
5392660,1739,6722
1751917,1739,3347
8645317,1740,6617
9430127,1740,2638
9958747,1741,2507
1598461,1741,2291
4922872,1742,4684
4831021,1744,2275
2591263,1745,3481
1520959,1745,4059
7431446,1745,2614
3280433,1745,3028
2393621,1745,3207
6923467,1746,5235
3989879,1746,3936
2685511,1746,5734
5394793,1747,3274
5391098,1747,3330
3556875,1747,5096
5404784,1748,5876
6534887,1748,4384
8663481,1749,3320
7386381,1749,3648
2867665,1749,6000
4108210,1750,3202
2954354,1750,4813
3808299,1750,1926
8844271,1753,4048
6974979,1753,2727
5458714,1753,5241
3431243,1754,2393
6500158,1755,5687
7242353,1756,4024
5230387,1757,6740
1647870,1758,3088
5289885,1758,1794
7238047,1758,5991
3492171,1759,4296
8996507,1759,6002
1673242,1759,4926
2182284,1760,2215
2532598,1760,4707
7001566,1761,5639
9518105,1762,1774
3910665,1762,3383
6742683,1763,3059
2171321,1764,4791
8558918,1764,3737
4664327,1765,3887
2301645,1765,2862
7725299,1765,5048
6973742,1767,4598
2116353,1767,3060
2627560,1769,3840
7550260,1769,3368
1885707,1770,3975
4042727,1771,3130
9570483,1771,2061
4395241,1771,2673
6331835,1771,3811
7172226,1772,1839
1237627,1772,2184
7947985,1773,2113
2062098,1773,2233
8322660,1774,3978
2784997,1774,1945
7295154,1774,2503
2246902,1775,4031
3298780,1776,4228
6299086,1776,2391
4286469,1777,5355
5922695,1777,2074
9800201,1777,4007
6117492,1778,5605
2614596,1778,4062
4961879,1778,3258
7839141,1779,5332
2688614,1779,6360
6453294,1779,1995
4463740,1779,2510
8481090,1780,5091
7918224,1780,1936
6067641,1781,3739
8342569,1781,2844
5607028,1784,2651
3354185,1785,5989
7087431,1785,2277
7451237,1787,2123
5765704,1788,2814
5004462,1788,5812
9202338,1789,3098
5542734,1789,5315
3722190,1790,6059
3060796,1791,2294
2263758,1791,5146
9360386,1792,4564
7851258,1793,5436
2161339,1793,5497
2225302,1793,6286
4835286,1794,1916
7685169,1795,3154
5485299,1795,5569
5189989,1795,4378
1325363,1795,4044
5804810,1796,5290
7447285,1796,2637
6549730,1797,4017
8812554,1797,5529
4331873,1797,4899
7047526,1797,5505
1350795,1798,2529
3255655,1798,4613
3246292,1798,2143
8197841,1798,6217
1547225,1798,2043
5772880,1799,3748
5110968,1799,5679
6044320,1800,2041
3769122,1801,2207
2591025,1802,3771
7541669,1802,6661
9220465,1802,5227
7783440,1803,5153
5171296,1803,2175
1293021,1803,4084
4268035,1803,2130
7079087,1804,5542
8602001,1805,2200
3750462,1805,2279
7033625,1806,6241
7956453,1806,2403
3642283,1807,3037
6467735,1808,2621
8410442,1808,4485
7021615,1809,3457
2791178,1809,3544
7927010,1810,4392
8566333,1811,2507
4253453,1811,3710
7809544,1811,4478
9126302,1811,5097
2418879,1812,2054
7214421,1813,5167
8974601,1814,2302
4964728,1814,6379
5948750,1815,6364
4388659,1815,3407
2262966,1816,4434
5360726,1816,2756
8905153,1817,6171
4867112,1818,2906
6468010,1818,5581
4027414,1819,4005
4422352,1820,5560
9237499,1820,1954
9824064,1821,2707
2479971,1821,4304
6164960,1821,2709
1018543,1821,3379
8546124,1823,2535
6150224,1823,4914
8131484,1824,3530
5125808,1824,5313
8267617,1825,4912
3632660,1827,6171
4607074,1827,3640
1751204,1828,2045
5004003,1828,3844
2966192,1828,3580
6356858,1829,4832
4806378,1829,5276
2331062,1830,4298
1199446,1830,4951
4072471,1831,3557
3771101,1831,2534
7563446,1831,6569
7512395,1832,4188
5514608,1833,2165
8313386,1833,3639
5348057,1834,5715
2635444,1834,6153
5998606,1835,6357
4732253,1835,4314
3959204,1836,6413
7056845,1836,5707
3322453,1836,3159
6587858,1837,5889
6848028,1838,4778
9359094,1838,5384
9019176,1838,3072
2180032,1839,4683
4335643,1839,2630
7520221,1840,2839
9338557,1840,4633
4732421,1842,6658
2663596,1842,6074
3931191,1843,4208
4119182,1843,2434
7835448,1844,2855
5025535,1845,1873
9887071,1845,2055
4230362,1845,4450
4314720,1845,5064
5346378,1846,6494
6116721,1848,5881
9285634,1848,5600
3153097,1849,4657
1319177,1849,5436
9279989,1849,6652
2642197,1850,2742
8018030,1850,4654
1652660,1853,3764
7890101,1854,4414
2463266,1855,3537
3757645,1855,3225
9837861,1856,2278
6245508,1857,6296
1876460,1857,3537
4968022,1857,6439
4926351,1858,6126
7739368,1858,2405
2887386,1858,2678
7844325,1859,5865
6566173,1859,6521
1890271,1860,2501
2277429,1861,6163
5400989,1861,5916
6613309,1863,2046
4279434,1864,6316
4494040,1865,6803
9366810,1865,5159
2420164,1868,3433
9182933,1869,2922
3091311,1870,6822
4957540,1870,2825
3706908,1871,3636
2788821,1873,3339
3501579,1875,6684
5046775,1875,2024
1513242,1876,2105
1598233,1876,6380
3658185,1876,2967
7039026,1877,3771
1005453,1877,1978
5066545,1877,4815
1051218,1878,3732
3324345,1878,6583
2845177,1879,2669
8960586,1879,3528
7789558,1880,4976
1583640,1880,3241
9982520,1880,6028
8031517,1880,5822
4037318,1881,2589
6826049,1881,4170
1619834,1882,2549
1965889,1882,5701
6802489,1882,4262
8228754,1883,4524
4967119,1883,2641
9028241,1884,5940
9838681,1884,5432
2437184,1884,4625
6354862,1884,2780
8564099,1886,2523
6701720,1886,4372
9215585,1887,3546
3746957,1887,3529
2101208,1889,4030
4661544,1889,6373
8162452,1891,6165
8075720,1891,3433
7085221,1891,4515
5540349,1892,5345
8157703,1892,5374
1488735,1893,2527
5635734,1894,2705
4644190,1894,3698
3924406,1894,5075
3447887,1895,6114
6445116,1895,4701
7497232,1895,6348
4455113,1895,2680
1310759,1895,5667
5367492,1897,5438
9375269,1898,3994
3835373,1898,3837
8531300,1898,4915
1257358,1901,6264
8819453,1901,4768
7301782,1901,6283
8492557,1901,6892
2587182,1902,3925
3470636,1903,5473
4132984,1904,2217
7736905,1904,4767
2709500,1904,4392
6311790,1904,2090
7702274,1904,3434
5952822,1904,4643
7787551,1905,2894
3808573,1905,4488
1330159,1906,3861
2993128,1907,3340
7867027,1908,2837
9003522,1908,3389
8391823,1909,4732
9916345,1909,3500
4818940,1910,4202
8460764,1910,5976
6543169,1911,3739
6265036,1911,6312
7297046,1913,5301
9234093,1913,5034
7530865,1914,3931
3283990,1914,6325
5859632,1914,6286
7399749,1914,4598
1054042,1914,4960
4799692,1915,4452
7595201,1915,4983
9784961,1916,6440
8052084,1916,6762
8880936,1917,3093
2390822,1918,5391
3186287,1918,4381
7584508,1918,3365
9673569,1918,5778
1201964,1920,4225
1368794,1921,4460
2010780,1921,1989
2545212,1924,4156
5242293,1924,2165
9609343,1925,4054
2109772,1925,5958
3923634,1926,6402
3201440,1926,5754
1339341,1926,2202
4509704,1927,4688
4119137,1927,6147
4034715,1927,4220
8564998,1927,4984
2214857,1927,6240
6897098,1928,3812
4695240,1928,6449
2328380,1929,4523
6936769,1929,6871
1129419,1929,4360
9206112,1929,3222
4536035,1935,5895
4203470,1935,2261
4417122,1935,6143
1293576,1936,4289
3836127,1936,6075
3289029,1937,5655
2878843,1937,3965
2660626,1937,3104
2060923,1938,5592
5864991,1939,4087
8944477,1939,4843
8751873,1940,3601
2776955,1941,1994
6997751,1943,2098
4722295,1943,5178
5445262,1943,5584
7914339,1943,2008
4040205,1944,6160
4609186,1944,4333
2541041,1945,2404
5664896,1945,5427
4398002,1945,1986
7414454,1946,2538
5128507,1946,2157
3646770,1946,3974
2694311,1946,5465
9018972,1948,3858
3435391,1948,5024
1521265,1948,4899
7700470,1948,2510
9008783,1949,6214
2357089,1950,2046
3530827,1950,6913
4475064,1950,3608
8177017,1951,5464
7366736,1952,2866
6337749,1952,5703
6389073,1953,5443
2280949,1954,3741
9622342,1954,5584
6406322,1955,4359
3061329,1956,5719
1298893,1956,5756
8020509,1956,3312
6520263,1958,5468
9648138,1959,6004
7824941,1960,5760
2754632,1960,4982
9365076,1961,2912
9155517,1962,2802
4067942,1963,5863
8066748,1965,3332
9721754,1965,4212
8096115,1966,2167
9880569,1966,5340
4573379,1966,6111
4988626,1967,4485
4614648,1967,6467
8896754,1967,5945
1469575,1967,5167
9538629,1968,6747
2017554,1968,4752
6592500,1969,2885
3448312,1969,4449
7343515,1969,5357
3946904,1970,5372
1147720,1971,4487
3629445,1971,4667
8680872,1972,4218
1699858,1973,6687
5254233,1973,6316
5556801,1974,5590
6696171,1974,3710
3072111,1976,3369
5504024,1976,6369
1544689,1976,2967
5657065,1978,2297
1861611,1979,2962
3310188,1979,3025
4607922,1979,2985
7863214,1980,3948
6151327,1980,5331
9606760,1980,3702
1218417,1981,3210
5461331,1981,4993
5666061,1982,1987
7639499,1982,5663
2654893,1983,2379
2424669,1983,3144
1614914,1984,2893
1399903,1984,3653
8450381,1984,2227
2714993,1984,5045
7634018,1985,5591
7097897,1985,6348
5665916,1985,2433
7901555,1986,3613
6890887,1987,3510
5823678,1987,2267
9635974,1988,3621
3059540,1988,2515
6806778,1989,6160
8002687,1989,2945
7368420,1990,3101
7972100,1990,6423
9058445,1991,3385
6951420,1991,6887
4490226,1991,5265
5355582,1992,5891
9730999,1992,5278
5819212,1993,6898
3975470,1993,4714
5333634,1994,5377
7307677,1995,3655
6560496,1995,4231
8449400,1995,3856
2458009,1996,6339
6761332,1996,2291
6530521,1997,3367
4476312,1997,2859
4795628,1997,4604
8547133,1998,2036
8989644,1998,5415
3490237,1999,5836
4018946,2000,6474
5100242,2001,2761
9530822,2002,3959
1060088,2002,5630
5836502,2002,6932
8201381,2002,2271
1128761,2003,6392
6190486,2004,3909
9299424,2005,6926
6674087,2006,6983
7909731,2006,5515
2146404,2006,6306
7804782,2007,5808
8324121,2007,4204
1650620,2009,4663
4084062,2009,5054
9715618,2009,2857
1036476,2010,5052
5501816,2010,2074
9648759,2011,6536
8928541,2013,5298
8222272,2013,5156
5866174,2014,3765
4197546,2014,3816
8314081,2015,4031
8246471,2015,3893
4055101,2015,6591
4935958,2016,3650
6685172,2017,4726
6378508,2017,3923
2630357,2018,4790
2896396,2018,3313
8453738,2018,3551
7667044,2018,3725
8938402,2019,3771
5962905,2019,4969
5141522,2019,3353
6169473,2019,5856
4545625,2019,2759
3734699,2021,5961
8428523,2021,5561
7724266,2022,5721
6559645,2022,5912
3437820,2022,6958
5777152,2022,3364
4803038,2023,6258
9756215,2023,6280
3163048,2024,2881
3140930,2024,3216
9268994,2024,2067
3740299,2025,5688
2797983,2026,5785
9802645,2027,4305
7907614,2027,6023
2098825,2028,2251
9523257,2028,2323
7705065,2028,2390
1410648,2028,2239
8859538,2028,4717
6240819,2028,5065
3388114,2029,6620
6773444,2030,2812
6330968,2031,6959
1843296,2032,6416
8010667,2032,4468
7343234,2032,6824
7267231,2033,6414
3681503,2033,5108
1304880,2033,5784
9318688,2033,6418
9544903,2033,4355
7079938,2034,5285
4025897,2034,5019
3655097,2034,2866
4675813,2034,3613
4588264,2035,4894
4477750,2036,4483
1570976,2036,2648
8286317,2036,5459
1794207,2037,2663
1796377,2038,3758
7288652,2038,6073
5072839,2039,5608
4051740,2039,6678
1513372,2039,5449
4645862,2039,5765
1299673,2039,3596
4326592,2040,2959
7238053,2041,4630
7265716,2042,2573
1090677,2042,2175
1140332,2043,4827
1949644,2043,5182
1820257,2043,6313
3264293,2044,2192
5338284,2044,6371
5891456,2044,2953
7894564,2047,4328
2265779,2047,6345
6685598,2047,2491
1525186,2048,3610
3623848,2049,5551
5248402,2050,5760
4934781,2050,3440
6651139,2051,4051
9358194,2051,6606
8225722,2052,2231
5993394,2052,2379
9005961,2053,6387
6131320,2053,2085
6489692,2054,2087
9398754,2054,5785
5650975,2055,6238
3363773,2055,5906
4384033,2056,3555
6313900,2058,3702
2311429,2058,2941
9360668,2059,4961
9785107,2059,2553
2894446,2059,5703
2974016,2060,3634
6305255,2060,6486
6820719,2061,6899
8405474,2061,3061
9823760,2062,2576
4162944,2063,6456
6642416,2063,6792
6767920,2063,6496
1971439,2063,2284
5398240,2063,5865
7885374,2063,3449
8458349,2064,3655
9023718,2064,6651
8500850,2064,6772
8290249,2064,6196
4990514,2064,3662
4750475,2064,6397
2668367,2065,3107
9935609,2065,5566
7950476,2066,6674
9286515,2067,4496
3582306,2068,2549
5249156,2068,5672
6077073,2068,3539
9133259,2069,6271
2701103,2071,4386
2356838,2071,6661
1925412,2072,5260
9940049,2072,3810
6896524,2072,5516
4628978,2072,2187
3051653,2072,5189
8922590,2073,7045
4780576,2073,7019
9421050,2074,5752
5116841,2074,4075
5845823,2074,3786
4145423,2075,4644
6628781,2075,4539
2760309,2075,5289
4830060,2075,5092
4304524,2075,2599
8674525,2076,6098
9947364,2077,2605
3042046,2078,3555
7835271,2079,5437
1994463,2080,2649
3267839,2080,5974
8722898,2080,6918
3429462,2081,3042
2196243,2081,2998
1768300,2082,2601
9784204,2082,5424
9786072,2082,5940
6414756,2083,3342
4071813,2083,6799
8272848,2083,2313
2060823,2084,4592
2691897,2084,4878
6935106,2084,2649
6705765,2085,6511
1159783,2085,3199
7098996,2085,3786
2147851,2086,5747
1950105,2086,2758
8664358,2086,6934
5590281,2087,2122
8047026,2087,6979
7695172,2088,3403
7688047,2088,5539
7660381,2088,3985
5429821,2088,4422
6793279,2091,6792
4148578,2091,3360
4614677,2091,5145
7930645,2092,6215
6036014,2093,5052
3723438,2093,4686
7884973,2093,6312
5300023,2094,6168
4045313,2094,4230
5862428,2095,3345
1796711,2095,7086
8549662,2098,5344
3047442,2099,2750
7407144,2100,2615
9009778,2101,3845
6730501,2101,6873
8248874,2101,4409
1833715,2102,5354
6966899,2102,2925
9684729,2103,6380
4217334,2103,5644
4695548,2103,3540
1410225,2104,5610
6355603,2105,5917
9233542,2105,4104
9788435,2105,6513
8631373,2106,4954
3803295,2106,6863
5095522,2107,6085
9087041,2107,2495
8272927,2108,5361
8234850,2108,6106
7164213,2109,6209
7907885,2109,4856
4957188,2109,4864
8354859,2110,6237
5580672,2110,6674
4555461,2111,2274
2009444,2111,2847
9710032,2112,5780
6419123,2112,5171
4166998,2112,5898
4640086,2113,4750
5853328,2113,5010
6283644,2113,5804
6414752,2114,2480
2195295,2114,4943
9347485,2115,2626
1695848,2115,3838
9848133,2116,2889
7127419,2116,2871
2090389,2116,7016
7448239,2117,4544
4139290,2118,5623
8626643,2119,5764
8741523,2119,5232
1034370,2119,3275
8652199,2119,2758
1165507,2120,4995
2271632,2120,5122
8620615,2120,2949
3070032,2120,4502
7665349,2120,4573
3171506,2121,3941
2442904,2123,5030
8380026,2124,4279
1398584,2124,3198
4474582,2125,4853
1766693,2126,3796
2917137,2126,2612
3350134,2127,2142
3146552,2127,5653
7516905,2127,2230
8420687,2128,4459
8116823,2129,3514
3444702,2129,4912
5912377,2129,5297
5943226,2129,2823
6355664,2130,6544
3788518,2130,4221
4461800,2130,5862
9539555,2130,5110
8049284,2130,3581
5682568,2131,3080
1502841,2132,3527
5188857,2132,3180
8700563,2132,6339
6671214,2132,3216
8774398,2132,3280
1263703,2133,3293
6634039,2133,5898
8619363,2134,4294
4536973,2134,4719
6303708,2134,2405
9247799,2135,5790
3804565,2136,5864
7091736,2136,5830
8714779,2136,5641
4667136,2138,2914
1423866,2139,6711
9517235,2139,3582
9483446,2140,5413
3556800,2140,6741
8626763,2141,5340
4368967,2141,2301
7859778,2141,4980
8383956,2142,3832
1552519,2142,5550
9801548,2143,2758
6252514,2143,6874
2151409,2146,6508
7237430,2147,6549
9387952,2148,3385
5200656,2148,6613
8149070,2148,6263
3715374,2149,4881
5824209,2149,3069
6243026,2149,6608
7767227,2149,5753
1020921,2149,6727
4757712,2150,5488
9288455,2150,4960
7256546,2150,3178
7920121,2150,5655
1438421,2151,4406
3759130,2151,3253
3727109,2151,3805
8179535,2151,5221
5525183,2152,2211
7069471,2152,6073
8658672,2153,2400
2367666,2154,5929
1608746,2154,3869
6926108,2155,3970
1033281,2156,5288
1888668,2156,6371
1383516,2158,4191
7926144,2159,2388
7202202,2160,4306
3490180,2161,2255
6531955,2162,2458
6111591,2163,2304
6196985,2163,5183
3079769,2164,3704
2034618,2164,3469
1426276,2164,6799
8859540,2165,5151
3957818,2165,4954
5118964,2165,6182
3197719,2166,4886
8882281,2166,2489
8017200,2167,4779
8870424,2167,3859
1978658,2167,3169
1671524,2168,6693
2287415,2168,6079
8509802,2169,3898
2042585,2169,3128
3885148,2169,2550
9153519,2169,5938
3471989,2170,2979
1359911,2171,5729
2383868,2172,6223
6750677,2172,5652
5345903,2172,6351
1701441,2173,6413
2414575,2173,6333
7672226,2173,5847
2131675,2174,2501
8840012,2174,6230
8254216,2174,4034
6985692,2175,5418
4852257,2175,6282
7152514,2176,3542
7884180,2178,5630
7923624,2178,6837
5265332,2178,5404
6409887,2178,6489
5117777,2179,5308
7209090,2180,5575
1099609,2180,5562
3240433,2180,3451
7394285,2180,2493
4585034,2180,3486
4949971,2181,5515
5538534,2182,2615
4063232,2182,3172
2984288,2183,3743
1061320,2183,4680
9569723,2184,5859
6658595,2184,4933
7378191,2185,6956
1249321,2187,7080
5443605,2187,2423
7942098,2187,5762
9828478,2188,4184
2334188,2189,5992
1604264,2190,3200
4422581,2191,3765
1368656,2191,4859
4202381,2192,4598
5813551,2192,7161
9190439,2192,3368
9898250,2193,5797
5297226,2193,3903
2062668,2194,4676
6546064,2194,4610
3223802,2194,3030
5627467,2195,4155
9631729,2195,3466
7636540,2196,3242
8557454,2196,2739
4921279,2196,3037
9234147,2197,2814
9971498,2197,4379
7157324,2197,3190
8549549,2197,2873
2069079,2197,7183
3582839,2198,5530
4723623,2198,4383
2604726,2198,4080
5060956,2199,4500
3210459,2199,4109
2707837,2199,2633
8590604,2199,3741
5526713,2200,6060
6167866,2200,2445
8398025,2200,5366
7781140,2201,3044
8178845,2201,3175
8256944,2201,5331
9270950,2202,5246
1797569,2202,4489
4222793,2202,4933
9899559,2203,6212
1634310,2203,6332
7383026,2204,7112
8816142,2204,5714
6845609,2205,2697
9422417,2205,3077
6653703,2206,5336
4476741,2206,3389
7050681,2206,4087
7594696,2207,2348
9959418,2207,5381
9946378,2208,2587
7157659,2208,4232
7402782,2209,6764
2206754,2210,4294
2575800,2211,5186
3564355,2211,4975
5485511,2211,5690
4840694,2212,4057
2916227,2212,6591
4158547,2214,5230
7787128,2215,2426
2730831,2215,5004
8815957,2215,2299
8595737,2215,4637
5647781,2215,3455
6100142,2216,2449
6068958,2216,4058
5626199,2218,6690
4647327,2219,4075
5961422,2219,4890
1556015,2219,6153
4746780,2219,7143
3726742,2220,5073
6965125,2220,6422
7671165,2221,6709
9759367,2221,3867
2490496,2221,4157
7236265,2221,2618
3641891,2222,4324
3495638,2222,6441
4066768,2223,4611
3893029,2223,6164
8695224,2224,4184
7827695,2224,3830
1299279,2225,5757
6684950,2226,4808
6854989,2226,3599
7460194,2227,4237
7709652,2227,4564
1849866,2227,5190
4595187,2228,2371
5315247,2228,6973
5064468,2229,6466
1745986,2230,7139
3396391,2230,6489
1211013,2230,3854
4995732,2230,6232
5382025,2233,7029
6953706,2233,7091
9646626,2234,7085
7910920,2234,2331
6142407,2235,6381
7693975,2235,6855
4927938,2235,6023
6793776,2236,5315
5729497,2236,7066
7722503,2236,3781
1947220,2236,4251
5529136,2236,2974
2917849,2237,4975
3134178,2237,6072
2178906,2237,5853
7336645,2237,6753
6347487,2237,3572
9036748,2237,5096
5878434,2238,4659
9139703,2238,5211
8090255,2239,2646
7155645,2240,7131
7233234,2240,5262
9172453,2240,5720
7429649,2241,5369
6777057,2241,2334
7911719,2242,4407
2795241,2243,2991
3239309,2243,3638
8398216,2243,7005
6717749,2244,5597
1696813,2244,4884
9181572,2244,2483
8048722,2244,7201
7795088,2245,2940
4466058,2246,3114
2752144,2246,5069
8454337,2246,4410
7985959,2247,6606
3493493,2247,3678
4210274,2248,3290
2300757,2249,3207
9025820,2249,3592
8443358,2250,5573
2731446,2250,3027
8516044,2251,6270
8332206,2251,5522
4956835,2251,3267
4558764,2252,3944
9265010,2252,2300
4259022,2252,5074
5716770,2253,4333
9917517,2253,5522
5184064,2253,6768
7007778,2254,2260
4920498,2254,3579
5025467,2254,6313
1779528,2254,6575
5872141,2254,3474
7144653,2255,4582
5923781,2255,4976
3448344,2256,5928
6472806,2257,5329
6352300,2258,4765
9335681,2258,6284
5589868,2258,2770
9028424,2258,6627
6661750,2258,5937
3653173,2260,5787
4497921,2260,3957
5974642,2261,6828
5799875,2261,5817
6900587,2261,4757
9860099,2261,6852
3918081,2262,6024
8393941,2263,6178
7998959,2265,4707
1563587,2265,6770
9241593,2265,6716
2037092,2265,4727
9365367,2266,6005
9324123,2266,6958
9597035,2266,5395
4539825,2267,3006
2743976,2267,4656
7851672,2268,4901
3412568,2268,3722
4918878,2268,3776
6213048,2268,4659
5083123,2269,4624
4595097,2269,2388
4853379,2269,5741
9588360,2270,5569
5919723,2270,2361
6932934,2270,2618
5271903,2271,6796
9187305,2271,5643
2644563,2272,5427
3362718,2272,4123
1063032,2272,3602
6890756,2272,3421
5174441,2272,6930
9343068,2273,2660
9851145,2274,4396
4038714,2275,6694
6629445,2276,6544
8168733,2276,3699
4634082,2276,6845
5670731,2277,4411
7658882,2277,3238
7615492,2278,4666
4029077,2278,4577
1679901,2278,3921
3251862,2280,4835
2620813,2280,5175
9715990,2280,3712
7803131,2280,4849
2686979,2280,6905
7933926,2281,4774
6401142,2282,2388
5133653,2282,4809
6059558,2282,3442
9430202,2282,3691
7866671,2283,4227
1162871,2283,4497
4016723,2283,5331
9060905,2284,3420
2811223,2284,6790
7278287,2284,5224
3282919,2285,5712
8772479,2286,6008
8854117,2288,6433
1917899,2288,6387
7272397,2288,5279
1806903,2288,5638
6188011,2289,3179
5377616,2290,3721
1132703,2290,5644
7440736,2290,5089
3975574,2290,4095
8195732,2291,5695
6627696,2292,6770
9197440,2294,7176
9877262,2295,5449
3788594,2295,2653
9866417,2295,3133
3832345,2295,7275
9131791,2295,2585
8726053,2297,5535
3688302,2299,6501
3746942,2300,4821
3958749,2300,6052
1223559,2300,6054
1866241,2301,6339
5475650,2301,3081
7190250,2302,6259
1581144,2302,6147
1474047,2303,7051
2787731,2303,3003
3556389,2303,3166
9259775,2303,2805
7358988,2303,4761
2091563,2305,5867
4357758,2305,7214
8319456,2306,4911
2429072,2306,7288
3157464,2306,3844
9673871,2306,5802
5010981,2306,4083
9885849,2307,3499
8493656,2309,5758
7680706,2309,5257
6277169,2310,3276
1350442,2310,5481
2071008,2311,6728
6351204,2312,4576
7577549,2312,7065
1777557,2313,3123
7694916,2313,6876
7344959,2314,2733
3025740,2315,5673
5769841,2318,3441
6770106,2319,6277
5552485,2319,3985
8726326,2319,6390
8017152,2319,2697
9395228,2321,5874
2723043,2322,6324
3273257,2322,3527
3355205,2323,3227
6975838,2323,4724
8611172,2323,4514
5739571,2323,4806
2570131,2324,7064
6658522,2324,5336
8716419,2325,4366
5581038,2325,7193
6510864,2325,7021
3167322,2325,4778
7464082,2325,7234
9228434,2325,4142
6582927,2326,4263
6585683,2326,4591
3897152,2326,7326
5838630,2327,6233
9557129,2327,3811
5176386,2328,3891
6286466,2329,7010
2339332,2329,5893
9883339,2329,5312
4065876,2331,6727
7130694,2332,6238
1266145,2332,2665
9242644,2332,5250
3460692,2333,6113
3965516,2333,5601
2298865,2333,3045
4677853,2334,5203
4808805,2334,5417
9573271,2334,2693
1455332,2334,3177
6668894,2334,3153
5605727,2337,6717
1118501,2337,6651
5953386,2338,2655
2224307,2339,6083
7305819,2339,4021
9050014,2339,4144
1450822,2340,4637
7248371,2341,2511
8195696,2342,3258
8189227,2343,5617
8192161,2344,5811
4727030,2344,6057
8943013,2345,3094
8271691,2345,6937
6002945,2345,4201
4421040,2346,6512
8793952,2346,3294
2768480,2347,4649
8489922,2348,3643
6296853,2349,4024
5220417,2351,5676
5729843,2352,4455
4643900,2352,7245
3418476,2352,5385
4584922,2352,3812
8783251,2352,4346
8466217,2355,6522
9469668,2355,2535
4991014,2355,6585
1918554,2355,5796
4567332,2356,6966
4892881,2356,3508
5947849,2356,6734
8195782,2357,4666
1121910,2358,4362
5633678,2358,6110
1661261,2359,4616
3723721,2359,5024
3123691,2360,4147
2864050,2360,4359
6761801,2361,4388
6173184,2361,2552
1324255,2362,5628
9653519,2362,2368
2336515,2362,4826
2906337,2363,5959
5264827,2363,2745
5630526,2364,5574
9906084,2364,2455
2191354,2365,3185
9547576,2366,4130
6938097,2367,5402
9339146,2367,5078
6413031,2367,2699
7135345,2368,5673
7408921,2368,5396
5916845,2369,6184
2479042,2370,2622
5915559,2371,3269
9507299,2371,4075
6341131,2371,3164
1348843,2372,3432
2045365,2372,3491
9129491,2373,6994
9804455,2373,6388
4271753,2374,7108
4755414,2374,6480
7647962,2375,3173
5727736,2375,6126
5474388,2376,5199
3666279,2376,4060
9174884,2377,5292
1297193,2377,3123
7106628,2377,4081
1642893,2377,6900
5809411,2379,5323
9628163,2379,6780
2081168,2380,2908
4714294,2380,7028
3364454,2380,6317
6560543,2381,2834
3255736,2382,5373
7659858,2382,6063
1889335,2382,6559
7093161,2382,6927
2847015,2383,2639
8127461,2383,4133
6684668,2383,7021
9935720,2383,3386
2018208,2384,6492
6580012,2384,2853
8089659,2385,5415
3043378,2385,5120
3412160,2385,4455
4073560,2386,7216
7228229,2387,4211
2739845,2388,5141
2808237,2390,6058
9180572,2390,4970
7384944,2391,2734
8162988,2393,3805
4636494,2393,3767
4441267,2393,6707
1616182,2394,5392
7512788,2394,4526
4292270,2395,7272
2927189,2395,5354
8826883,2395,3947
5071084,2395,6921
3015948,2396,7237
8960750,2397,2423
2823362,2398,7378
9705036,2398,6641
7788296,2399,2488
6193127,2399,6592
7101787,2400,5670
3268745,2400,2901
6340471,2401,6293
5693292,2401,3084
7765542,2401,5166
6765987,2402,4176
6299592,2403,5911
4898336,2403,3723
9387172,2403,5672
8942276,2404,6924
3629002,2404,2992
3561403,2404,6248
7504837,2405,6417
6030784,2405,5905
6323729,2405,5690
4046262,2405,5465
2134149,2405,3057
9348322,2406,6884
4379843,2408,4916
5116475,2408,4334
1120074,2409,3874
3567308,2410,5799
9635867,2410,3151
3536026,2410,6088
9277849,2410,5498
8180671,2412,5502
3708741,2412,6354
5386632,2414,2416
6742547,2414,4754
2363137,2415,5018
5502089,2415,7216
3765358,2415,2958
9878666,2416,4859
9092135,2416,3020
4046214,2417,6699
5684478,2417,6942
8574341,2417,5544
7145283,2418,3173
7864894,2418,6418
3129149,2419,3246
7791862,2419,7228
9515361,2419,6386
4631103,2420,4209
9838608,2420,3285
9259426,2420,6117
2547489,2420,6829
8280043,2421,4875
3945701,2422,5845
4649806,2422,5784
4864440,2423,4408
4131409,2423,7063
5834844,2423,2486
9217133,2423,3360
4543011,2424,7250
1557145,2424,4287
6326594,2425,5035
8406035,2425,2677
3975113,2425,3176
5523639,2425,2787
6214636,2425,5711
7954735,2426,6046
9222162,2426,4742
9322176,2428,6209
9106208,2428,3617
2419574,2429,3841
1361365,2429,5829
1691424,2429,2905
6937598,2430,2628
2993210,2430,5480
2086086,2431,5502
3850541,2431,4874
9370487,2431,3612
7105056,2431,4435
5156887,2431,4506
5026147,2432,2555
9152170,2432,3134
5788430,2432,4183
3802889,2433,5187
4502197,2433,3251
5133759,2433,3068
5331100,2434,6331
3446633,2434,6974
6981374,2435,6377
9200396,2435,6747
6735148,2436,7350
5866823,2436,3243
8697520,2436,3167
9723615,2437,3572
6109223,2437,6760
3225111,2437,2455
2063650,2437,4624
2804885,2439,5687
2590629,2440,4535
5469902,2440,5043
6785497,2440,4073
4660285,2441,6414
1945194,2442,5439
6539678,2443,6976
1366267,2443,2869
1501165,2443,6698
1343530,2444,5985
3399313,2444,6218
6405795,2444,5939
2957497,2445,2479
7629096,2445,3333
1447395,2445,3203
7170659,2445,6916
3959753,2445,6298
1584663,2446,7319
1502624,2448,3522
3117773,2448,3432
6495854,2448,3049
2220659,2448,2780
5170181,2448,5363
3916560,2450,3843
1186818,2451,4377
2095044,2451,4356
6578331,2452,3555
3910506,2452,3102
9720865,2452,6719
3500268,2453,5940
1135528,2453,2575
1680517,2453,2720
7890979,2453,6196
9744372,2453,7264
5815240,2454,6424
7320011,2454,7175
2262315,2454,6508
1473248,2455,7433
5108586,2455,6559
7886854,2456,4874
8456320,2457,6015
2269217,2458,4546
6841395,2459,4152
6992791,2460,7071
9846129,2460,3824
7180381,2460,5937
7356364,2461,6125
1036098,2461,7274
2624841,2462,4800
8510723,2462,3185
8694181,2462,5589
9217198,2463,3838
4604112,2464,3858
9763608,2464,5484
6109576,2465,5465
2992206,2465,4932
2547948,2466,5972
9434378,2467,6876
7754685,2467,5324
3638888,2467,3792
8431017,2467,3289
4128000,2467,6113
4969526,2468,5850
2075264,2469,4422
3067731,2471,2927
1713189,2471,3435
4756555,2477,3243
4313345,2477,4944
8640176,2477,7429
7302103,2477,4480
2582761,2477,5852
8257334,2480,4357
9915893,2480,2928
6346056,2480,6870
8927126,2480,7206
8348050,2481,4123
7943809,2481,4608
3706938,2481,6296
7854298,2481,3531
4970601,2482,3535
2891068,2483,6556
8656741,2483,3690
4066901,2483,6225
5151871,2484,7479
4506199,2484,6698
3140139,2485,2742
2778208,2486,6251
6194793,2486,5012
1744774,2487,7160
2646924,2487,6548
7881062,2488,3768
2829820,2488,7375
5659079,2488,4926
1215157,2488,2847
4726473,2490,6556
2343254,2491,6942
7832563,2491,3539
1991434,2491,4216
6561066,2491,4688
2970577,2492,5203
3169114,2492,5488
2451565,2492,5541
2829920,2493,2620
3941817,2493,4268
4647675,2493,3644
6915924,2494,3708
8612309,2495,7292
9677573,2495,7484
6737247,2496,6520
9544013,2496,4550
2182729,2497,3328
8109284,2497,3938
3165990,2497,5844
4119731,2497,6943
6040407,2497,2615
1391653,2498,4890
8662549,2498,6593
8500835,2498,5318
2344871,2498,4701
4607289,2499,7247
9067908,2499,5898
5904059,2499,2951
7606706,2499,6916
1717431,2499,6012
8891380,2499,2644
6290226,2500,2840
9473002,2501,2918
6641227,2501,6749
5255497,2502,6107
6458232,2504,5418
4195221,2504,6545
2474799,2504,6589
2239292,2506,4441
4069839,2506,3116
3420657,2506,7392
9125464,2507,7226
4566083,2508,5829
5463717,2508,5485
3791720,2509,4789
3204299,2509,7420
2987458,2509,4499
8201124,2510,6951
1652262,2510,2570
3183556,2511,6924
3095618,2511,4670
6276826,2512,5348
1614421,2514,3290
6195495,2514,2968
9091806,2514,4403
8702675,2515,5600
5042605,2515,7477
2347406,2517,6948
7021007,2519,4610
2107851,2520,5953
6334821,2523,5668
3602520,2524,3957
3912567,2524,3954
8044721,2524,6199
3221428,2524,6846
7878314,2525,2593
4462119,2527,6460
1454617,2528,6379
7880478,2530,6849
1533851,2530,4844
8464273,2531,3906
8219286,2531,4700
4131256,2532,2604
9097389,2532,2554
8386002,2533,3213
3947284,2533,3617
8242301,2533,4325
5476960,2534,2891
1350574,2534,6751
8073996,2535,5739
1712502,2535,6939
5384304,2536,4337
6249064,2536,3579
7046495,2536,5224
9479011,2537,2596
1767683,2537,7461
4623057,2538,2911
1305306,2538,5982
9920383,2539,2642
6390050,2540,5218
8296379,2541,5411
6447071,2541,5338
3050836,2541,3732
9771520,2542,3562
1087814,2542,2702
6121384,2543,6100
3594198,2544,5529
6784301,2544,3121
5666082,2545,3492
3178603,2546,4947
6566382,2547,4834
5732139,2547,3032
8356850,2548,4067
6693422,2548,7052
4681056,2549,3549
3429348,2549,4588
8168385,2550,4684
5055637,2550,3681
2879311,2553,3889
6523243,2554,4114
8635013,2554,4406
5531787,2555,6090
3824549,2556,3946
4162728,2557,5082
8323741,2557,6169
4157650,2558,2750
3931595,2558,4417
2843924,2560,4390
9140979,2560,3563
2367653,2560,3862
4346464,2561,7033
1702419,2561,5495
8722865,2561,4192
9437915,2561,3621
5745099,2561,3320
6499419,2561,4111
9585207,2561,3441
4308624,2563,4773
4745871,2563,4197
1981497,2564,5257
2303242,2565,5501
6718800,2565,2992
6575185,2565,7308
9078952,2565,5280
5932720,2565,6812
4984970,2565,3994
6195178,2565,6579
6106216,2566,6813
3195697,2566,7373
5682112,2566,6818
4038240,2567,7260
7848194,2567,3336
2867907,2567,7283
1976610,2568,7427
1057299,2568,3545
8974349,2569,3006
8817019,2569,5033
2732321,2569,5276
7619816,2569,4616
6971876,2570,2579
6237098,2570,4673
3513467,2570,3377
6530272,2571,7488
3242464,2571,5369
9612235,2572,3602
8483711,2572,2653
9699709,2572,7325
1365691,2573,5851
8770727,2573,3943
7229515,2574,3561
8391868,2574,7364
7349684,2575,6839
1343982,2575,3831
3369771,2575,6079
4448913,2575,3338
8465086,2575,4330
5444720,2576,5356
5459393,2576,6148
9384400,2577,4223
4515639,2577,4997
2009826,2577,5042
3248503,2577,7052
6241274,2578,3661
6924170,2578,3522
1063572,2578,5474
8631503,2578,2655
1983128,2579,2976
8560101,2579,5010
6743362,2580,5717
4814919,2580,4353
6497779,2580,5897
7006807,2581,5400
7994910,2581,7260
3529179,2582,5469
1331971,2582,4913
2480417,2583,4706
9667445,2584,6084
3632665,2585,2989
8945045,2585,3001
3896277,2585,6768
6072087,2586,5211
1478182,2586,6131
9203663,2587,3804
1246892,2587,2591
5984472,2587,4548
4607565,2588,7023
4747257,2588,6243
9406449,2589,6547
3722530,2589,3805
1319375,2589,4491
1410263,2590,5519
1715911,2590,3629
8585501,2590,2605
5156002,2591,3976
7446860,2591,3753
6200350,2592,6617
3000478,2593,2812
8053077,2594,3017
7370248,2596,3091
7062362,2596,7333
4021116,2596,6221
7258160,2596,6972
4242538,2596,5356
6909615,2597,4506
9034584,2599,3599
2903730,2599,3263
5592962,2599,4038
4842786,2600,4344
4101618,2600,3090
8314524,2600,4651
3327743,2601,6546
8592635,2602,5887
6648637,2602,5311
8856712,2603,6604
3214232,2603,2666
7728671,2604,4891
5642291,2604,4355
6094891,2605,7083
2230104,2606,6430
5132898,2606,3409
1819106,2606,4082
7348920,2606,4463
5084072,2606,5131
3723639,2607,3015
7498326,2607,4178
5392380,2608,7158
3696025,2609,7469
7618573,2609,6289
1238855,2609,6734
5148204,2609,4017
7412338,2610,3790
4868139,2613,6938
1809868,2614,6263
4514364,2614,4962
8618048,2614,5704
9360406,2615,6226
1212668,2615,7383
5703348,2618,7050
6630000,2618,6331
8939063,2619,5568
2804187,2620,3297
3387437,2620,7190
4456190,2620,5535
8640089,2621,5341
4254442,2621,5908
1797221,2621,5987
6262018,2621,4347
3816059,2622,5132
6038555,2622,6703
3174278,2623,3060
4859736,2623,3418
3501477,2623,7508
4556718,2623,2758
5672380,2623,4277
5851197,2623,4321
1671146,2623,5007
1396050,2624,4012
6629196,2624,4551
2963163,2625,4976
3977149,2625,6891
1192834,2625,5676
9792126,2627,3387
6789645,2627,4274
7979344,2627,4623
4574993,2628,5559
4104978,2629,7243
6942414,2629,4765
2851446,2629,5380
5480570,2629,5133
3362594,2630,6655
1232736,2633,5124
6125186,2633,7212
3208227,2633,4558
9062028,2634,4622
9555914,2635,4256
7695509,2636,6685
6228153,2636,4737
1447783,2638,4970
6397448,2638,6733
3266344,2638,5179
6328242,2638,4156
7172507,2640,7423
5218532,2641,2773
2780626,2642,6988
3911445,2642,6720
8260376,2642,6560
6219519,2643,7380
1877809,2643,6023
8738444,2643,2683
5999515,2644,3911
1406803,2644,5523
8450328,2644,3788
2950681,2645,5582
3891678,2645,4799
6699758,2645,5175
1498399,2646,3220
9914911,2647,4009
8227671,2647,6727
2296500,2647,5152
5351641,2648,5069
7005596,2648,6577
3068646,2648,6688
2817201,2649,7624
5360233,2649,7079
2360542,2650,5092
9795785,2650,6917
7511608,2650,5883
4947394,2651,5211
9625232,2652,2892
5934863,2652,4331
8083370,2652,5629
2122454,2653,5001
1649339,2653,7015
5418442,2654,5772
2978853,2654,5677
3631078,2658,7459
5446929,2658,7592
8975286,2660,7226
9234844,2661,6737
7608801,2663,6410
4953121,2664,5219
5140470,2664,6294
7132588,2664,5321
7043381,2665,6789
2659089,2665,5178
6585661,2665,6532
1486325,2665,5269
1989518,2665,7380
5626704,2666,3701
7920457,2667,4797
1964373,2667,3533
6314110,2668,4497
7599511,2668,3916
9513845,2668,2960
2002844,2669,3601
1615371,2671,5599
9484888,2675,3100
8610399,2675,6307
9757019,2676,4518
5804130,2677,2897
5259431,2677,3971
4287512,2677,5183
7879406,2678,4568
6580383,2679,3251
7091676,2679,6892
7153567,2679,5026
7577546,2680,4083
2569918,2680,6944
9313328,2681,4913
7799593,2681,7316
3634664,2681,3087
3397696,2682,6326
7105366,2682,6753
9357903,2682,6024
9346043,2682,6963
1068644,2684,7210
6033130,2685,6676
7389057,2685,6980
6984508,2686,5875
5093165,2686,4380
9035333,2686,6278
4023498,2687,7603
8793335,2688,3293
2377378,2689,7386
6254657,2689,7571
5189608,2690,3777
6234748,2690,5530
1697159,2690,3871
1801710,2690,5928
9149034,2690,5923
9033123,2691,3918
3365940,2693,3642
6246707,2693,7114
6415185,2693,5856
3037809,2694,7338
2162411,2694,6406
5550824,2695,3293
9274119,2695,3908
3292915,2695,7367
2136116,2696,3002
3975830,2697,2848
3415338,2698,5867
3372257,2698,6948
9991905,2699,4526
2812484,2700,4377
5988399,2700,6438
1910468,2700,4793
3638548,2700,5035
6261330,2701,4142
3628604,2702,4073
3593962,2702,4413
2418614,2702,6865
7717489,2703,4661
4619618,2704,5422
7524496,2704,5799
4177822,2704,5865
8141160,2705,2943
9988057,2706,4298
7918499,2707,7366
7771025,2708,4613
8600986,2708,4158
5194333,2709,7647
1865326,2709,3615
7500900,2709,4898
7215641,2709,6063
9925635,2710,2794
1397528,2710,3521
1673156,2711,4926
2043228,2711,6209
6303514,2711,4989
6317870,2711,7126
2895501,2712,5127
6289457,2712,3181
3711086,2712,6985
3355635,2713,4790
3355950,2713,4172
3551108,2713,3702
5337392,2713,7134
5476373,2716,6583
3525456,2716,3810
9199377,2717,6215
8306676,2717,3749
5726938,2717,5245
2161212,2718,5849
5490610,2718,3588
8500283,2718,2774
5417554,2718,3979
1747607,2719,5412
7256271,2719,3190
3941879,2720,2947
7904987,2720,2888
7508361,2720,3265
6185088,2721,5751
1771762,2722,7568
8790372,2722,3804
3076785,2722,7282
1389215,2722,6401
7320856,2722,4034
5882045,2723,6988
2899435,2724,5309
7232466,2724,4376
3797622,2724,4690
3515626,2725,5519
8720988,2725,3179
8272156,2726,5626
4304197,2726,5859
9370698,2726,7681
8640897,2726,7705
9330226,2726,4375
6001319,2726,7342
2031849,2727,6387
2049485,2727,2770
3406132,2727,5607
6168807,2728,4243
5358993,2728,3502
2607856,2728,5054
9541412,2729,3016
4037924,2729,4000
5736360,2731,3808
9931661,2732,6604
6232555,2733,4561
7594656,2733,7265
7714184,2733,3606
7551585,2734,3165
9730248,2734,6345
1400636,2734,7521
1708523,2734,3898
3579859,2735,7014
4547798,2735,4599
1894830,2735,5804
5006415,2736,2801
9940467,2736,6196
4186091,2737,4948
6305632,2738,4233
8383613,2738,4672
4733898,2739,5362
5396414,2740,6031
8686719,2740,5056
4825555,2740,5973
3547935,2741,5043
8862516,2741,5771
1824613,2742,4545
9012967,2742,6463
5067788,2743,5294
3920446,2743,6935
6161933,2744,4395
1646927,2744,2814
8163456,2744,2881
6459422,2744,3275
3680635,2745,7498
1129945,2745,3170
6370663,2746,5530
3871097,2747,4476
7166195,2747,3752
7383657,2747,5359
3560538,2748,7152
5569484,2749,3648
2106575,2749,7135
5613220,2749,4613
4385148,2750,4112
4754816,2750,4517
9478669,2750,7587
8521672,2750,3390
1168298,2751,5286
7278771,2751,3024
6838765,2751,6070
1071202,2752,6360
5948873,2752,6863
4767847,2753,4430
7396330,2753,7317
5789081,2753,6426
5540144,2753,3240
1525518,2754,5107
2713046,2754,5727
6188843,2755,6765
6277623,2755,7565
6158348,2756,4695
9308949,2756,6540
2067200,2757,6855
5831619,2758,7055
7016602,2758,7398
6089337,2758,3631
7820947,2758,7249
5131938,2759,3112
5818786,2759,3228
7709677,2760,7333
2769185,2760,4635
1998544,2760,6453
6115983,2762,3816
4532400,2762,6730
4490490,2764,6314
5590003,2764,4226
6989272,2765,4825
5633121,2765,6030
1248193,2766,4417
2151864,2766,3468
6323566,2766,5990
1681226,2767,4905
6874018,2767,7299
9623756,2767,7178
7066258,2768,7220
8827168,2768,3507
7545309,2770,7494
7076710,2770,4517
5256314,2770,7641
3120126,2771,3793
2969815,2771,2968
7550195,2772,6908
1938615,2772,6950
1596748,2772,7518
4729141,2772,3969
3941625,2772,5281
1945264,2773,6119
4711458,2773,6360
6610123,2773,5151
5808539,2773,7171
7520857,2773,5246
5573756,2773,5821
6909543,2774,4365
4223181,2774,7620
3842307,2774,5194
8479665,2774,7148
1702160,2774,3051
4685788,2775,5977
9290900,2775,6693
6489674,2775,3365
5267821,2775,3853
4397638,2776,4517
7299550,2777,6158
7140899,2777,2960
8882726,2777,6710
6447955,2779,3527
3636559,2779,6945
7043114,2780,5949
6676117,2780,6541
2861601,2781,6023
6779049,2781,4850
1385542,2781,6678
1221689,2781,6682
3409777,2781,5866
1460748,2781,5407
9962060,2781,4183
4393195,2782,4733
5406686,2782,7412
6900717,2782,3213
3866609,2783,5203
8446820,2783,6011
3926939,2783,3792
5172369,2783,4526
1909533,2784,3626
7065191,2784,4876
2051053,2784,4237
3122037,2785,5695
9767563,2786,6957
2005833,2787,6979
7852173,2787,4865
9835982,2787,3952
2111826,2788,5997
3546953,2789,4393
3456213,2790,7004
6782324,2790,4234
6644004,2790,4624
2369933,2791,4352
2574184,2791,3621
9413375,2792,2803
1755329,2792,4391
2054298,2792,6561
2549213,2793,4660
7012111,2793,5720
9027472,2794,5849
5934588,2794,3540
6860269,2795,4917
8483807,2795,3145
1803135,2795,4486
4182321,2795,6290
3757004,2796,3210
2588896,2797,5985
1880498,2797,6530
6492902,2799,5595
5161638,2799,7566
3207586,2799,6186
3420597,2799,3117
3960941,2799,5587
9081193,2800,5110
3863321,2800,7161
9522941,2801,6908
1223022,2801,4493
7225244,2801,5229
3330424,2801,6950
5925519,2802,3067
2415159,2802,3176
4887110,2804,3101
3795850,2804,3866
2516950,2804,5935
5834011,2804,7616
6941596,2804,5791
1603423,2806,5639
5855163,2806,6892
3678820,2806,7297
9048578,2806,6846
3375481,2807,7139
9524892,2808,5960
7776000,2809,6352
5766059,2809,4954
7214182,2810,6241
9258900,2810,4619
3664118,2810,7687
7174948,2810,6672
5679293,2811,3245
2156739,2811,5538
9590523,2812,6394
6438772,2813,5815
9988982,2814,5277
8085854,2814,5211
6190898,2814,5395
9731889,2814,6655
5516946,2815,5337
9223458,2815,3495
6474814,2815,4656
7411032,2815,7637
2664212,2815,3097
5298249,2816,3604
7635189,2817,7522
1388384,2817,5733
8204905,2818,3303
7558451,2818,5905
9929785,2818,2999
3652675,2819,6030
7286400,2820,4271
7982115,2820,4976
9265563,2820,3479
8200850,2821,5125
5056230,2821,6829
3275650,2821,6360
7847567,2821,7603
1241559,2822,7464
8795150,2824,4959
9304421,2824,6617
6101368,2824,5413
1954619,2824,4113
5997392,2824,5963
5081962,2825,6756
4297888,2825,5379
5122735,2825,3585
7773446,2825,5308
2077513,2825,3877
5201983,2827,3959
8420186,2827,7004
8169669,2828,3973
9891792,2828,5315
5642856,2829,4929
4774404,2829,6344
8556046,2830,6405
5151591,2830,6116
1043856,2830,6199
9372653,2831,5312
5174964,2832,5034
5301806,2832,4457
3080885,2833,5948
9519935,2833,4904
7213136,2834,3436
8359718,2834,6736
5143621,2834,4766
3911073,2835,6009
8150539,2836,6326
9880397,2836,4482
6494507,2837,7402
7518419,2837,6875
1711989,2837,3096
7824790,2838,6455
4556478,2838,7189
7381566,2838,6051
6839015,2838,7647
4293131,2838,5659
8176192,2838,5651
5270023,2839,4924
1154629,2840,3189
5839884,2841,5268
7504774,2842,3613
1614720,2842,4300
5235663,2842,5735
9353049,2842,6595
4441108,2843,5117
7411483,2844,6097
7619164,2845,5684
2450151,2846,7547
8913226,2846,6598
9724033,2846,6662
2152436,2847,5069
3951395,2847,5482
6008261,2848,6817
7889614,2848,3303
8813201,2850,3184
1353138,2850,5268
4891392,2851,6242
9921572,2851,5784
2439542,2852,5751
6922707,2852,5851
8411626,2853,7444
5903542,2854,6778
1148703,2854,5621
8868270,2854,5989
9338529,2854,4393
3474817,2854,3297
7972500,2855,4069
8196918,2855,6865
7560225,2856,3069
4122545,2856,7238
4493677,2856,3823
6888629,2856,5318
3109171,2857,3384
3207372,2859,6605
2372454,2859,5310
4665392,2859,4945
7552411,2860,7571
9227334,2860,4681
2189290,2860,4509
4778846,2860,3963
1661389,2861,3874
1122092,2862,7652
8793083,2863,5807
8455835,2863,6950
2226337,2863,7562
9853345,2863,4734
4314114,2864,4603
7205945,2865,4862
3838141,2865,4603
2135934,2866,4936
3756656,2866,5998
6585637,2866,5504
2785133,2867,4337
5429349,2867,6697
7264629,2867,3142
7091778,2867,4922
4736134,2867,3701
5542785,2867,7321
2239778,2868,3980
5043211,2870,5706
2985817,2870,3671
7214987,2871,7819
2254148,2871,5151
4148374,2872,4949
7901621,2872,7660
6407315,2873,4344
9857199,2874,3797
3962084,2874,5428
1219011,2875,5392
3923244,2875,5960
2020307,2875,4892
4430459,2876,7248
7191745,2877,7319
3537142,2877,4961
2118777,2878,5093
4726260,2878,4296
6821595,2878,6406
9644601,2879,7617
3201394,2879,3138
8606049,2879,3226
6715722,2879,4144
9043701,2879,6434
7279634,2882,5489
7284133,2882,5574
9337228,2882,5153
3465174,2882,5822
4913189,2883,3852
8817569,2883,4520
3841197,2884,6030
8628769,2884,3320
8705482,2884,4753
2760263,2885,4934
3986767,2885,4870
4766863,2886,4849
2108593,2887,7825
7631905,2887,5078
1182447,2887,3814
7347726,2888,7388
9058677,2889,5290
7483479,2889,3394
4943955,2889,5880
4015930,2891,4766
3781076,2891,4865
8567386,2891,6037
7556311,2891,5581
9025540,2891,6743
2299338,2892,3803
9945319,2893,6452
4925787,2894,7220
1533716,2894,6518
7426506,2895,7651
6975580,2895,6818
9696553,2895,3724
6907910,2896,3194
9465114,2896,6469
8647369,2896,3212
4545061,2897,2975
5535898,2897,5964
7082918,2898,3784
7617633,2898,7735
9344382,2899,6223
5911858,2899,6605
1795758,2899,4550
6236478,2899,4197
1502803,2899,4004
3889160,2901,4079
5050507,2901,7450
1692628,2901,7403
6348691,2902,5940
1550794,2903,5878
8997988,2904,6062
4999706,2904,6792
1329348,2904,4593
2019589,2904,3601
9230458,2904,7732
6806115,2906,6453
9057667,2906,4021
1625990,2907,6011
5007910,2908,6047
2365428,2909,6984
2673006,2909,3007
7432031,2910,4355
3144135,2910,6202
1401343,2911,5740
1628977,2911,3588
7667874,2911,6019
6956991,2912,7294
5882524,2912,3491
2189682,2912,5707
3218495,2912,6375
3455359,2912,5477
2475865,2912,7527
9008369,2913,6117
9555346,2913,5083
4159948,2914,3819
7949746,2914,5667
6569943,2914,5594
3707738,2914,7493
6381218,2915,3455
7661124,2915,7413
1952723,2915,5713
5024732,2915,4504
9572192,2916,7625
9498465,2916,6637
6480836,2917,5933
4707357,2917,3800
1903953,2917,6763
7054263,2917,7675
1518236,2918,5360
3184403,2918,4287
1030371,2918,5404
4252947,2920,7346
8232593,2920,7665
1393180,2921,4518
5025968,2921,5438
6155498,2924,4443
4993492,2924,7418
3749223,2924,6989
6854422,2924,4655
5737050,2926,3865
6595631,2927,3957
3807670,2927,5384
3247975,2928,3625
5265143,2928,4775
8296102,2928,5779
4144415,2929,3938
7075878,2929,3734
6927368,2929,3795
9212798,2930,3593
5873066,2931,5964
6476921,2931,7695
2202401,2933,5831
3618557,2933,5673
5240181,2933,4746
8627194,2933,4968
5006120,2934,3207
7389187,2934,3875
5989159,2934,4737
3204648,2935,4171
9757176,2935,7343
1697073,2936,3405
9993096,2937,4221
3120439,2937,5887
2816295,2937,3479
5811212,2937,4970
7977949,2938,6551
9418488,2938,7661
8125557,2939,3707
5748455,2940,3434
3603877,2940,5520
2275748,2941,7458
9996916,2941,5633
7662797,2941,7855
7208614,2942,6617
7349372,2942,4590
8503272,2942,2983
1948505,2943,6037
4527788,2944,4872
1355938,2944,7255
2996870,2944,5685
7341397,2945,3893
8041409,2945,6148
9850883,2945,6869
4297853,2945,4577
7163572,2947,4904
6883429,2947,7716
7258404,2948,6747
1994602,2948,5086
2136342,2948,7437
1425902,2948,6674
1203147,2949,3409
7056698,2949,4710
9526479,2949,3912
8694250,2950,7493
3240054,2951,6459
3405448,2951,4132
5575672,2951,3641
9291883,2951,4406
2513637,2952,6619
3207284,2953,4107
3090283,2953,7295
8879701,2953,3383
8251988,2954,4657
5980696,2954,4579
7700731,2954,4269
7852532,2954,6767
8295704,2954,3296
5618428,2955,3287
7468302,2955,7268
1220211,2955,6523
1845529,2956,7152
9131600,2956,3805
7417057,2956,4582
6386435,2957,4728
4455098,2958,3181
3156352,2959,6637
4424007,2959,3244
4053698,2959,6066
3884169,2960,5188
3571139,2960,3450
7349453,2960,5006
2319591,2961,5941
1933584,2961,7454
3910966,2961,3621
9194854,2962,4540
8128323,2962,6129
1007574,2963,7801
1146573,2963,3942
2675010,2964,3912
8889281,2965,6659
7971897,2965,6094
5047834,2965,5390
5115790,2966,6419
7224899,2966,4264
3705683,2966,3300
5038967,2967,5335
6118700,2968,3048
7080002,2969,4152
9624258,2969,6740
2395851,2970,5040
3975024,2972,4871
7729484,2973,7509
5122623,2973,3780
7321791,2974,3473
8615622,2975,7065
1764398,2975,7437
7019069,2975,5290
6993642,2976,4134
7952540,2977,5338
1822073,2978,3281
3542228,2979,7068
6754513,2979,6195
6186786,2979,4128
1340808,2980,5472
6580476,2980,3505
2259465,2981,3810
1353602,2981,6500
8716221,2981,5979
9530423,2985,3380
2553580,2985,7107
3536763,2985,6319
3689471,2986,6680
7929036,2986,7293
6875164,2987,7410
5148214,2988,6692
2502297,2988,4549
3995482,2988,5451
5053247,2988,4952
6433259,2989,6986
9018999,2990,5219
7401362,2990,4802
6504833,2990,4029
7055225,2991,3694
8323104,2992,5048
5334775,2992,6909
8060330,2993,7867
1071549,2993,4311
4816560,2993,6634
1271284,2994,2995
6149604,2994,5347
4072917,2995,5805
2743972,2996,6155
8457001,2996,4554
6111801,2997,6070
5297647,2997,6703
2063588,2998,7846
2232459,2998,4561
5873554,2999,7952
3345794,2999,6125
9954786,2999,7276
8002221,3001,6246
6422016,3002,4141
5497508,3002,7201
2483076,3002,4153
6545196,3004,6068
2972171,3004,3515
8660631,3004,3651
9109377,3005,6128
7303912,3005,5630
6304951,3005,6020
6814063,3005,3680
4540449,3005,5398
6331403,3008,3856
1805967,3008,4082
2122861,3010,3893
3272965,3010,7659
9755317,3010,5119
7378838,3010,4062
3610534,3011,7006
8184111,3011,3158
5361852,3011,4323
3613087,3012,5784
8618552,3012,7670
6899450,3014,6962
4930831,3015,4340
2886144,3016,5897
5714159,3016,5129
2318554,3018,6566
8188376,3020,7188
8598695,3021,6841
9580458,3021,7422
8412034,3022,3411
2378374,3022,6307
6370008,3023,5473
3522454,3024,7123
8815706,3025,6563
6354295,3025,4697
1488768,3025,3502
8739319,3026,6135
5426407,3026,6139
3228761,3027,7634
6561147,3028,3454
2419014,3028,6418
5570531,3029,4372
9708663,3030,6717
5147688,3030,5419
5321163,3030,4335
6187882,3030,3627
4709664,3031,7984
8701619,3031,7651
7562558,3032,4647
2798211,3032,5482
8816489,3033,7445
7921107,3035,7788
1348946,3035,6532
2584604,3036,4311
3648761,3037,4426
7369514,3037,7843
3882532,3037,5404
2580442,3037,4187
2658937,3037,3988
6818783,3038,4552
4700101,3038,4082
9776333,3039,6123
2975805,3040,4642
1338219,3040,6972
2632823,3041,5519
2593886,3041,7623
7561261,3042,5939
7338556,3042,7661
7937631,3042,6816
4869218,3043,4869
2534371,3043,6892
7506418,3044,7299
8202108,3044,5657
7716019,3046,6386
7821552,3046,6326
3990675,3046,7439
9031586,3046,7562
4818899,3046,6526
1330348,3047,7862
5350511,3047,6447
5630190,3047,6247
4848456,3048,7164
4822740,3048,7483
3413434,3048,4438
5532632,3049,4070
5753068,3049,6949
3279927,3049,7302
8246796,3049,5923
6135021,3050,4114
1365662,3050,3343
3483353,3050,6437
3781736,3050,4258
5810240,3050,4071
9672310,3051,3977
8692443,3051,7265
7972650,3051,3063
9622237,3051,6562
3181608,3052,6765
3386745,3053,6611
8498368,3053,5027
5906684,3053,4365
5880722,3053,3395
7163716,3053,3655
4010673,3054,7325
3877786,3054,5040
6873181,3055,4092
2524032,3055,7548
7517813,3055,7441
7992931,3056,6026
7398216,3056,7705
8582135,3056,4680
1030338,3056,5102
9797396,3057,4753
6999389,3059,5779
6835367,3059,6977
6392387,3059,4731
9053002,3059,7390
3157466,3059,3896
5655140,3059,5618
4859376,3061,5641
3449318,3062,7703
5041089,3062,6323
5475881,3063,7085
3363913,3063,7599
7393506,3063,6066
3849260,3063,6826
8374388,3064,6133
3263240,3064,6456
7280449,3064,3674
3853803,3064,4370
2881610,3065,5044
9792550,3065,4935
8847278,3065,5329
1197811,3065,3884
4048137,3065,3770
4661759,3066,7097
4880102,3068,7017
4452669,3070,8031
3839619,3070,7080
7386255,3070,6039
4242515,3071,3751
6005787,3071,3391
3006825,3071,5341
4237260,3072,4169
5745512,3073,3536
9067790,3073,6115
1375404,3073,5671
1083391,3074,7462
1844756,3074,6747
6988534,3074,4534
3738247,3075,6822
5609911,3075,6337
7366902,3075,4844
7931011,3076,6493
6937151,3077,3335
8906673,3078,7062
2364026,3078,6883
3181768,3078,5317
6837354,3080,4397
5020435,3080,6769
6335306,3081,7268
9793622,3082,3782
5727418,3082,7713
5062239,3082,6192
4248427,3083,6489
9272307,3083,5248
6985775,3083,7585
7653537,3084,4725
9303660,3085,6622
9975135,3086,6898
2766865,3086,6893
5039353,3086,5774
3512294,3087,3343
1978446,3087,6600
5911023,3087,4248
7105655,3087,6632
4492175,3088,5480
2837727,3089,7550
9131166,3089,6881
2573712,3090,4705
9536768,3090,5269
1892538,3090,7920
1663000,3091,8085
8757596,3091,3323
6762167,3091,4527
4073826,3092,4509
8600169,3092,5029
4578073,3093,7581
1138945,3093,7523
4777374,3094,6825
4168732,3094,6739
2714552,3095,5234
4061975,3096,5063
7071927,3096,3810
7704537,3097,5327
1639136,3097,5002
7099109,3098,3180
2809963,3099,6461
7945993,3099,4162
3248624,3100,6575
4171925,3100,6501
8945260,3101,7709
2582068,3101,3491
6229278,3101,4040
4506537,3102,6166
4871135,3102,7592
6164521,3104,3533
6496714,3105,5692
8836089,3105,6602
2506630,3105,3343
6261693,3105,4602
1115687,3105,7250
5836962,3105,5207
7241469,3105,5098
8320120,3106,4521
6646035,3106,3608
6041385,3106,6078
4342982,3107,3345
6714709,3108,7072
8233872,3109,7468
7190276,3109,5313
2624502,3109,3855
4686636,3111,5615
7608796,3111,5153
4886931,3113,3407
8697161,3113,3693
2898000,3113,6616
1143391,3114,6729
2682841,3115,6921
7670326,3115,3397
4992304,3116,4443
9461342,3116,4260
8200838,3117,6664
6957429,3117,6699
3222467,3118,6078
3608891,3118,6501
7993992,3120,7026
6165269,3120,5043
2543819,3120,7247
4555110,3120,6652
8933161,3121,7933
4487621,3121,3766
9696666,3122,4708
3659610,3122,3400
6482523,3123,6748
3211306,3123,6409
5721580,3124,3462
9621914,3124,3218
8596890,3124,5764
6635185,3124,7839
9293093,3125,6427
5943205,3126,5820
2851363,3127,7814
3352622,3128,7304
5894621,3128,7291
7386771,3129,7118
8068664,3129,6609
8626520,3129,7490
6858826,3129,5354
9963079,3129,4249
1676501,3129,7959
2217199,3130,5142
3031335,3130,4974
7262438,3131,4283
3824785,3131,5937
8129718,3131,6453
1162049,3132,4694
3807132,3132,4567
1449673,3132,6250
1027481,3132,3512
5336227,3133,7883
2855501,3135,5179
5816549,3135,5324
2087275,3135,4400
1047027,3136,5700
9795792,3136,6084
5507169,3136,6939
5806542,3136,6396
8464207,3136,3158
1336617,3137,8108
4310518,3137,5584
9501581,3137,7317
9133634,3138,3966
5242320,3138,7846
9342590,3138,4167
1301728,3139,3152
4326451,3139,4142
9039855,3139,6020
3123455,3140,5940
4740598,3140,8129
8197892,3141,3360
7603790,3142,4049
4889064,3144,6170
1713268,3145,3571
8578277,3145,3380
8533828,3145,7658
4485516,3146,5416
6305636,3146,6663
6197784,3147,6382
7479834,3147,4101
1394758,3148,4734
7988111,3149,8048
2014867,3149,5850
9678883,3149,7793
7571100,3150,3848
9050904,3150,3368
2751074,3151,3285
9036178,3151,4626
4659500,3151,3898
1420204,3152,5592
2928520,3152,3161
8035813,3153,4938
3736268,3153,7167
3289853,3153,5318
6238715,3154,3764
3742687,3154,6295
5002529,3155,4265
2394005,3156,6299
1072123,3157,4175
5434236,3157,3794
5046456,3158,4217
1083347,3159,4724
1049328,3159,5734
7191593,3159,5264
5771406,3159,3189
4081663,3160,7989
3350650,3160,5046
6369858,3160,5847
5836551,3160,5112
4431328,3160,3441
5806220,3161,3447
8231357,3162,3724
2593354,3162,3817
7440844,3163,7677
9913238,3163,7750
3981730,3163,5746
2350890,3163,4006
6399684,3165,7931
1253104,3165,5911
5413174,3165,6143
6481143,3165,7604
1543403,3165,5263
4635847,3165,5461
6464663,3165,6849
4023040,3166,3580
3583386,3167,6221
7713560,3167,4454
7197876,3167,3718
1255030,3167,4718
8124976,3168,5373
7292065,3168,7209
6819738,3168,4362
7451636,3168,4876
9013929,3169,5463
3042414,3169,5463
3851031,3169,7716
3752235,3170,7155
1605910,3172,7793
3637115,3172,7562
2920157,3172,5349
6723833,3172,5364
4608256,3172,4404
3306939,3173,3766
6555951,3173,5108
7824230,3174,7845
2607587,3176,3298
5855229,3177,6831
9825530,3179,5988
7751563,3180,6535
9586726,3180,3357
2910858,3181,8150
5440119,3181,7363
6036231,3181,7584
6549565,3181,4313
2388471,3181,4580
5974836,3183,4530
6240440,3183,7997
9704408,3184,3530
6073797,3184,7290
4827437,3184,6079
7250185,3184,7791
1657642,3185,4456
4445743,3185,3710
9184018,3186,7418
3775438,3186,6863
8666944,3187,7732
8205861,3187,6084
3292085,3187,7399
1167366,3188,4084
5089919,3188,5021
7614743,3188,5619
7715988,3188,3585
4230775,3188,4476
9795142,3188,6680
3137404,3188,3218
2712542,3188,6482
4118303,3189,6807
4876982,3190,6794
5000220,3191,3419
4541262,3191,6160
7772695,3192,5301
4103342,3193,6004
6945765,3194,4256
3892298,3195,3979
2478231,3195,3944
8897142,3197,3318
4775119,3197,3992
2611791,3198,7385
8849268,3200,7416
2528390,3200,5193
3158318,3201,4776
3960541,3201,4867
2246948,3201,5844
8818617,3201,5163
1839918,3202,7012
1534336,3203,3470
1034397,3203,6878
1223879,3203,7656
2935607,3203,3472
2282279,3206,7007
8252326,3206,7177
9983358,3206,6520
1483629,3207,4651
1707288,3207,4618
3784408,3208,6404
1092657,3208,3221
2934763,3208,7200
6236629,3208,6018
3188650,3208,6916
2692609,3209,6532
8196530,3209,6426
6217953,3209,3296
7194542,3209,6183
1085489,3209,3910
5271223,3209,7476
6004644,3210,7058
6804038,3210,5341
8658955,3211,3653
7120317,3213,6000
7197773,3213,4017
6071147,3214,5069
9568889,3214,7092
2130534,3214,7326
9973315,3215,3478
8575008,3215,5704
8368219,3215,5289
2794183,3216,5112
4611033,3217,8001
7691353,3217,5987
2495195,3218,4330
7187694,3219,3757
3371973,3219,5345
2537696,3219,4428
5283575,3219,7726
7481301,3220,7790
8327563,3221,3354
7555364,3221,5840
2544568,3221,6205
7211714,3221,6477
8997872,3223,5838
4261172,3224,7258
5290779,3225,6890
2467620,3226,4798
3108958,3226,6262
3566755,3228,5002
4438799,3230,7246
6758508,3231,6644
4872473,3232,6548
9375581,3232,7738
2740352,3232,4808
8174328,3232,6942
2285764,3232,6173
1717252,3233,6956
2515075,3233,6137
8811341,3233,6449
9784146,3234,6333
6216630,3235,4365
2818044,3235,7817
8701231,3235,7748
1080824,3235,4550
7967216,3236,6041
4927603,3236,3715
6504400,3236,4385
5955299,3236,3263
5334697,3236,7784
4275323,3237,3280
8675070,3237,4209
1240428,3237,4610
8043987,3237,6828
5940943,3237,8129
4524192,3238,6130
3143942,3239,6002
6022704,3239,3651
4708421,3240,5768
6006458,3240,3669
3313766,3242,7300
3486999,3243,4682
3639602,3243,6002
8709190,3243,8046
2219767,3243,6261
2432386,3244,6666
1983582,3245,3405
8916132,3245,7831
9002940,3245,4627
3705306,3245,5118
8854635,3246,5755
9603956,3246,5932
4067348,3247,5668
9197014,3247,7192
4678653,3247,4364
1320016,3249,7327
3929921,3249,5396
6179656,3249,3510
8359773,3249,3957
5786240,3249,4223
4883860,3251,4317
1559914,3251,5382
7793195,3251,6832
8693940,3252,5767
9763143,3252,5135
1654161,3252,3662
4967039,3252,4053
7952979,3253,5637
8031289,3253,5380
6808714,3253,6859
2433896,3254,5017
3156340,3254,3728
8050634,3255,5368
6996226,3255,6059
5837212,3255,8177
2723743,3256,5477
7121361,3256,3485
7235149,3257,5348
5132809,3257,7256
5871168,3259,4818
5470898,3259,7105
5287165,3260,4638
1084770,3261,7333
1495662,3261,6797
5845636,3261,4830
7431276,3261,6600
9494418,3261,7824
2990395,3261,7393
7214103,3264,5444
8803823,3266,4820
3459546,3266,4447
1005510,3267,3306
8233284,3267,3557
1440691,3267,6088
9742278,3267,4796
8114398,3268,4116
3236111,3269,4453
9596808,3269,4959
1847018,3270,7016
5766891,3271,6155
3600698,3272,7901
1121809,3272,5253
5848885,3272,7578
5978761,3272,3912
7966840,3272,7805
1798789,3272,6135
5231730,3273,6265
9964218,3273,6110
1353089,3273,4492
7399107,3273,6032
4201708,3274,7316
2809465,3274,7435
7726885,3275,4643
7341147,3275,7404
4827858,3275,3717
4088607,3275,6210
1585234,3275,6115
4163056,3275,7262
3713073,3276,7410
3356013,3277,3558
7808774,3277,6059
3495542,3278,5483
5702692,3278,4947
5582623,3279,7920
7924017,3279,5204
8451326,3279,5450
7099638,3279,3879
2026952,3281,5975
5173737,3281,7075
9204577,3281,7001
2839224,3281,8104
6106560,3281,4929
1167899,3282,7472
1798989,3282,5683
6228098,3282,3713
1980963,3283,6907
4830635,3283,7963
8438926,3284,3286
3884924,3284,5819
5332444,3286,6317
6878702,3287,3789
6239080,3288,4121
3860955,3289,5086
2297191,3289,4340
7939635,3290,5437
9473783,3290,4790
4294883,3291,8145
4308049,3291,5168
9161919,3291,6022
1785942,3291,8002
3364655,3292,5969
5881834,3292,8117
6408817,3293,6632
4108905,3294,5355
1277971,3295,3466
6492996,3295,4381
3141099,3295,5776
5461924,3296,5419
8915136,3297,5452
3434656,3297,4922
8639056,3298,4942
2493873,3298,5878
2087018,3298,5255
8055486,3299,4232
7063881,3299,7188
1021149,3300,5247
4569397,3300,4789
6257751,3301,3494
1566217,3301,7065
7589475,3301,7686
5884694,3302,4028
6238859,3302,3533
9878623,3302,8229
2736526,3302,3519
3595230,3303,6346
7539245,3303,8079
6293567,3304,7803
7179411,3305,5142
4058588,3305,3445
5984684,3305,6044
4633629,3306,5784
7939612,3306,4453
2596615,3306,5556
3752557,3306,5270
4607301,3306,7974
9440119,3307,5095
3613826,3307,3755
1018198,3307,8164
4491754,3307,7354
3185625,3307,5873
3735570,3307,6601
1110359,3307,7300
7300048,3308,7702
6564490,3308,4671
9280683,3308,4026
7691864,3309,7059
1647511,3309,4022
4935720,3310,7840
7062636,3310,5687
8753464,3310,4616
6838600,3310,6631
8857752,3312,4651
1573659,3312,7298
5712773,3312,4864
8162755,3313,7636
9776017,3313,5576
7869017,3313,6610
5254440,3313,8136
5811990,3314,7953
4008958,3314,3334
1656571,3315,6575
1631480,3315,7699
2987764,3316,6321
6145841,3316,7712
1198123,3316,6725
6791440,3317,5273
7097719,3318,3499
2245313,3318,5362
4889006,3318,5373
6614614,3319,7783
6653216,3319,6800
2830994,3319,5891
1236841,3319,5258
7278237,3320,7378
2671515,3320,6545
7228043,3320,5208
4100520,3320,6488
7322612,3320,3581
5596261,3321,3432
3931865,3322,7727
3747255,3323,5721
5958390,3327,7788
6375937,3327,4798
4700052,3327,6105
5494490,3327,6379
1482509,3329,7159
9397888,3329,6631
5968450,3329,5244
4640835,3329,6551
8869305,3329,6564
6572768,3329,4964
1294403,3330,4513
7628641,3330,4453
2070570,3330,5905
3324167,3330,7116
4317370,3331,5214
2865792,3331,4005
8218181,3331,4338
3125457,3331,4266
2668774,3332,5615
3050171,3332,6201
4664412,3332,6436
4500772,3333,5058
7766213,3334,3395
3661307,3334,5244
8297976,3335,8182
8890639,3335,7612
6293068,3335,4236
8302602,3335,3538
2121217,3336,7296
5901925,3336,8031
7875289,3337,7138
7114009,3338,3783
3653944,3338,6943
3352290,3339,4335
4706608,3339,6576
1990935,3339,4763
5155782,3340,7708
3892641,3340,5376
5595092,3340,3757
1795622,3340,6623
7800654,3340,6167
6834402,3341,6102
7445277,3341,7848
9466922,3342,4176
1539292,3342,7628
1379108,3343,7471
5482644,3344,6265
2108408,3344,5720
4209586,3345,6822
8102138,3345,4065
2883909,3346,7052
5465165,3346,8065
3451857,3346,4146
6139530,3347,5294
2436682,3347,5928
8827507,3347,6665
9576460,3348,5485
7184458,3348,5651
6547675,3348,7023
3419622,3348,7358
6447511,3348,3638
3033596,3348,4179
7794549,3349,6531
8727673,3350,5398
4420940,3351,4329
7601649,3351,7119
5970547,3351,4581
1997337,3351,4342
9789251,3352,6649
5883786,3352,8113
5335441,3353,5495
8070113,3354,3722
1126298,3354,6234
1634765,3354,3362
4356516,3355,4073
4090671,3355,7124
5898441,3356,6525
3996758,3356,5917
9765060,3357,4930
8968522,3357,3515
1162654,3357,7418
2552790,3357,8098
6111243,3358,5318
2467447,3358,4243
2360560,3359,8154
3548121,3360,8092
1543777,3360,6338
1035016,3361,4690
5220892,3361,5741
6388710,3362,3573
8898273,3362,7702
9663302,3363,3856
5598299,3363,6220
5223298,3363,8062
4392689,3363,7554
6923219,3363,7352
1239457,3363,4279
3835357,3364,6848
5472059,3364,5951
5912545,3365,3599
5557182,3365,3774
2776488,3366,7978
9881228,3367,5977
3174603,3367,8124
3348183,3367,7555
9911523,3368,8215
7060724,3368,7276
4113111,3369,7302
5736190,3369,7539
9856465,3371,3460
6938794,3371,4017
8363837,3372,6991
8873932,3372,6711
4622794,3372,8368
3199775,3373,7411
5925259,3373,4254
9103759,3374,7370
8370032,3374,6371
5838667,3374,7517
7619975,3374,5310
5010323,3375,6689
9731558,3375,5436
9278673,3376,4249
9027483,3376,5589
7107613,3377,5126
4474700,3378,6716
6514840,3378,5058
7795533,3380,7212
2545294,3380,4017
7611943,3381,3911
4465459,3383,6071
6551285,3383,4672
6185258,3384,5548
4198211,3385,4472
5046597,3386,5512
4397032,3386,4340
6300275,3386,4388
5116071,3387,3854
7139609,3388,4016
1297954,3388,5031
1817773,3389,3598
6988167,3389,5767
1575683,3391,6801
1674595,3391,5569
7541076,3392,3943
8250687,3392,4773
8543017,3393,5693
6931675,3393,8061
3280558,3394,3788
9255566,3395,3932
6043977,3395,4302
3047453,3396,4632
6919273,3396,5685
9069655,3396,7107
9585057,3396,4739
4452417,3396,7110
1007980,3397,7081
7439235,3397,6219
1881474,3398,6625
8056712,3398,7480
1534648,3398,8139
4726657,3399,4079
7882371,3399,7803
8511530,3399,6165
9059895,3399,7896
5675282,3399,6435
5532919,3399,4768
2836534,3399,4533
8496190,3399,3698
9144138,3400,7468
7142296,3400,7053
7224692,3400,7163
8150300,3401,6756
6258290,3402,6770
1655880,3403,3434
1074706,3404,7216
1621093,3404,5566
9823685,3405,6809
1745997,3406,5895
2355993,3406,6351
7605642,3408,7834
5559483,3408,4757
3621251,3408,7157
2814293,3409,6706
3486447,3410,6343
8073011,3412,4181
1703068,3412,7652
1437699,3412,6304
7053604,3412,7134
7194061,3412,3769
6916035,3412,7064
8276348,3413,4293
7913158,3414,4642
5956977,3414,3433
4429635,3414,4112
5277049,3414,7310
2338679,3414,6689
7419385,3414,5494
9623105,3414,8163
6327127,3415,5760
2190407,3415,5319
3683136,3415,4394
3473660,3416,4887
9445292,3417,4639
5175215,3419,6132
6543493,3419,6651
2446955,3420,4813
5518137,3420,7707
3221707,3420,5300
7942124,3420,6044
3863834,3421,7167
3642807,3421,6845
7835486,3421,7859
5123799,3421,4251
8367109,3422,7162
5810308,3423,7581
6836077,3423,7925
8012019,3424,6750
9407602,3424,7677
6989821,3424,4091
3143091,3425,5411
3865765,3425,6735
2226224,3426,3602
7245596,3426,7097
9220747,3427,4971
8943604,3427,7793
7247841,3428,6204
2278658,3428,7566
5604746,3428,6423
2490502,3429,7739
6461759,3430,4508
3155526,3430,5838
9845355,3431,5043
9542046,3432,5781
1000817,3432,4116
5071839,3432,4711
7811890,3433,7044
6604718,3433,7439
3897403,3433,4869
5949555,3433,3893
9439707,3434,4228
2712660,3434,7609
9762290,3436,5283
3468049,3436,5254
7586423,3436,4692
1143017,3437,6522
4835640,3437,3514
5099310,3438,7905
2491585,3438,7592
9509291,3439,5983
9837569,3439,5259
4563771,3439,7808
5392999,3439,6140
7870891,3440,7098
5737219,3441,5037
3783416,3441,7303
3031126,3441,7279
9137639,3443,5293
2053568,3444,4680
5039466,3444,4319
9720425,3444,5625
2858090,3444,4181
3881644,3444,6997
3956124,3445,6474
4625788,3445,8148
2327591,3445,7079
2017994,3445,4834
1606581,3445,6257
1521380,3445,4853
5042964,3446,3823
5646498,3446,8091
3828086,3447,7595
9667425,3447,5871
5684371,3448,4062
4928468,3448,4360
8398208,3449,6625
2318553,3449,4676
8022064,3449,6810
6619547,3449,8172
1666182,3449,6484
9065416,3449,6315
2149617,3450,7162
4839003,3450,7353
8147615,3451,6583
5568933,3451,4186
6510588,3453,3474
8308329,3454,5815
4665558,3454,3462
8572266,3454,3746
4529563,3455,5648
8412856,3455,8361
8116327,3456,5074
3123844,3457,7049
5972180,3457,8123
6270807,3458,7044
2243323,3458,7251
1628719,3459,6606
3034739,3459,7596
1771522,3460,4768
4138395,3460,5636
4835002,3461,4954
1274284,3461,6195
1163119,3461,4084
1811771,3461,7541
7896869,3462,7968
7712144,3462,6583
7100832,3463,6722
5884788,3463,7385
9127379,3464,7984
4113248,3464,6970
3271955,3464,7323
4784192,3465,5337
2602114,3465,6900
1328956,3465,4079
4366969,3465,6625
9534941,3465,4809
4601133,3466,7644
3955490,3467,3805
9918070,3467,4799
6575596,3468,3898
7797925,3468,6716
5842987,3468,3914
5068875,3469,7614
1519657,3469,6718
6291423,3470,6436
5649730,3470,6121
9104194,3470,5466
1238103,3470,7628
1839736,3471,7336
8417248,3472,7969
4961542,3472,5302
3342918,3472,5653
5525634,3473,7474
1830972,3473,7500
8107165,3473,8293
7746686,3473,7281
6170249,3475,3725
3660108,3475,6526
7571494,3475,8286
7747616,3476,4640
9431430,3476,5261
8907519,3477,7294
3085347,3477,6430
6426011,3478,5889
2565188,3478,4783
2151857,3478,4012
3475272,3478,5145
6436913,3478,7671
2344553,3478,5150
9123165,3479,8180
2149662,3480,4582
6183211,3480,8101
3482772,3481,8154
2189124,3482,5220
7697451,3483,6404
1161799,3483,6583
8376312,3483,4481
5970674,3484,3919
5275303,3484,8419
3582406,3484,5431
5397857,3484,5808
4620513,3485,7392
6540645,3485,5695
4884225,3486,4185
9655171,3486,8004
7241356,3487,5593
3251879,3487,3924
4514458,3487,7169
7814481,3488,4022
9828567,3488,6704
4939760,3488,7962
3425982,3489,5824
2498243,3489,5179
9502198,3490,7506
2802110,3490,4407
3296872,3491,8082
8352415,3491,7601
2921011,3492,8479
6006861,3493,5780
4072712,3495,6450
3649285,3496,5431
4905341,3496,5366
9153517,3496,5116
2818017,3496,3804
9164662,3496,3728
6497683,3497,6734
9327165,3497,5591
8921005,3497,6942
1070473,3498,6028
8602264,3498,8350
7901514,3498,6133
3711415,3499,5350
9711979,3499,4239
4100326,3500,8216
1372952,3500,4285
6177637,3501,7828
4937961,3501,3701
1914365,3501,4041
3765107,3502,3772
3762708,3503,4258
3501619,3503,8483
9094859,3503,6480
8233325,3503,3706
9528386,3504,5843
1036332,3505,6150
3588487,3505,7818
2258392,3505,8337
4251254,3506,6183
4158500,3506,6738
8133147,3506,5273
4754037,3508,7955
6868673,3508,4806
1454253,3509,7882
6625677,3510,7530
9401732,3512,5256
7673881,3513,6604
6359641,3517,8211
4791594,3517,8030
4507173,3517,5549
5516992,3518,5338
2884849,3518,8139
6375577,3519,8432
7664848,3519,6509
1593778,3519,7107
7767953,3519,6220
2666682,3520,7200
3182657,3520,7480
2456878,3520,4081
8863130,3520,7358
7996019,3520,7981
2870341,3521,3709
6640031,3521,6410
8586722,3522,3698
8333545,3523,7043
7203543,3523,6412
2026401,3523,5221
6819099,3524,3643
4374358,3524,5021
3990110,3524,7027
6807313,3524,4788
4742404,3525,6734
2510518,3526,8432
8927983,3527,7117
1375775,3527,7076
4210574,3528,7888
9381298,3528,7848
4733117,3528,7618
2415165,3528,4692
2753304,3528,3643
6360139,3530,8057
2470267,3530,7165
8664025,3530,5826
1922339,3530,4321
2907952,3531,4526
9793786,3532,7705
6135637,3532,3833
3911045,3532,6088
1671078,3533,5135
8715042,3533,7289
4415563,3533,7241
2526752,3534,6895
9075714,3534,7999
8089726,3534,8133
4637154,3535,3992
1800930,3535,5802
2813093,3535,8454
1160914,3535,4460
1023200,3536,4354
4668689,3536,5856
9161085,3536,4450
8822639,3536,4140
4036195,3536,7232
9632808,3537,5500
3140754,3537,8313
1304622,3537,4746
7553363,3538,3953
2739815,3538,8031
2898210,3539,5098
7033124,3540,8004
5032982,3540,6142
3995248,3541,6745
2510781,3542,5433
1964393,3542,8517
5635878,3542,5847
3274163,3542,6138
7480471,3545,4571
5686996,3545,5655
5850232,3546,4455
1082146,3546,7894
3247461,3547,7354
2551848,3549,8077
4403090,3549,6019
8915708,3549,6724
2642579,3549,6240
8196864,3550,6364
3868450,3550,7718
6967105,3551,7056
5721693,3551,4911
3862367,3551,5697
4523128,3551,6260
8757432,3553,7158
3854985,3553,6807
9702783,3553,6291
8870307,3554,4645
7571473,3555,8537
3151044,3555,5273
8783566,3556,8477
9683183,3556,5818
2211538,3556,6477
6253624,3557,5857
9062484,3557,7436
5842231,3557,5840
5585408,3558,4522
7101040,3558,7233
3711999,3558,5550
6500194,3559,5427
5245716,3560,3721
8735166,3560,6181
3282367,3561,4586
3656416,3562,4719
1957393,3563,6167
4219911,3563,4099
6091306,3564,8425
5105969,3564,6839
2725185,3565,3711
3814710,3566,5906
7231885,3566,5621
1190813,3566,5605
2364611,3566,6339
1347555,3566,8457
7936425,3567,4238
5179085,3567,6596
7521890,3567,4796
7256344,3569,6731
4199428,3569,5754
2166163,3570,8157
7342682,3571,5948
6662454,3571,5899
6148446,3572,4522
4410106,3572,4070
1234662,3572,4973
5675024,3573,4286
7937973,3574,6071
2905262,3574,7916
2107098,3574,5245
8662847,3574,4287
6062920,3574,5350
3346574,3574,8085
4640572,3576,7887
1089463,3576,8167
3281633,3576,4013
6861588,3577,5849
7136331,3577,5006
6084082,3578,6386
4702741,3578,6613
8999968,3578,5603
9191363,3578,5906
7734838,3578,3788
4202048,3579,6985
1701471,3579,7622
1298496,3580,6343
2360775,3580,3962
6594012,3580,5622
4581630,3581,4653
3938879,3583,7999
8648423,3583,7153
4733807,3585,5631
2051010,3585,7938
5205330,3586,5896
1273989,3587,5030
4171767,3587,5157
1104286,3589,5880
5459475,3589,6491
2179006,3590,4875
9623728,3590,6236
6529011,3590,6548
1246185,3591,5251
8568859,3591,8490
2888647,3593,7414
8703285,3594,6435
4483407,3594,6064
9227224,3595,8479
3435754,3595,8095
4759267,3596,8338
3691406,3596,4949
9932746,3596,4449
4365282,3596,6852
2887838,3597,6250
1845666,3597,7159
4442852,3597,4939
1453220,3598,6360
4873359,3599,7336
6733912,3599,4906
4978332,3599,8087
8474684,3599,4504
3041741,3600,4791
6453939,3600,4561
7414723,3600,3701
7772002,3601,4211
7001503,3602,6847
4794230,3604,7121
8144772,3605,5537
5241893,3605,7197
3147236,3605,7706
3700892,3605,7598
7844572,3606,3967
3255767,3606,7876
9246506,3606,5658
6409769,3606,7334
4978727,3606,6134
3036761,3607,5077
4465864,3609,5299
9082512,3609,6999
2881313,3609,4138
7399808,3610,3614
1137854,3610,8271
4364393,3610,7530
1264455,3612,6590
9160489,3612,6343
9731485,3613,7745
6687357,3614,7307
7024044,3614,7616
7834708,3615,7587
1310025,3615,4254
7752735,3616,8608
3371496,3616,4035
4560219,3616,5841
8789663,3617,5363
5629020,3618,3869
6652590,3619,4836
5711238,3620,7048
8376753,3620,7524
2252151,3622,6727
6974326,3622,3672
9210157,3622,3914
8837193,3622,7777
1774386,3622,7818
9526489,3622,5845
8651186,3623,4983
3793945,3623,7689
1166342,3623,4685
4850869,3625,8445
2985737,3625,8357
9521597,3627,5801
1973272,3627,6182
1720942,3627,8252
6876053,3628,4414
8762689,3628,8115
8913196,3629,7711
5229378,3629,5267
5544510,3629,5203
7256385,3630,5328
1460313,3630,4447
1587227,3630,4123
7650600,3630,7669
1271569,3630,6443
9980291,3631,8458
7062891,3631,7799
2680515,3632,8026
6060056,3632,8225
4603235,3632,4248
4656167,3632,7104
2359017,3634,5733
7043445,3635,7109
3014382,3636,5865
1984846,3636,7184
7375909,3636,7897
9168442,3638,6812
2433141,3638,7584
6927633,3639,3922
2400096,3640,5798
1624740,3640,8592
7181406,3641,8011
2734395,3641,5280
8539486,3641,8495
7573847,3641,6697
4103244,3641,5330
1781651,3642,3838
1029007,3642,7421
6334948,3642,7090
5413869,3643,4194
3776079,3643,7803
2861213,3643,8573
4098756,3644,6560
3389872,3644,8208
1180380,3644,7092
8428458,3645,4323
7944323,3645,7006
6834355,3645,8397
1319383,3646,7986
4132452,3646,8425
7660942,3646,5343
9952887,3646,3661
6141662,3646,4254
7147025,3646,6545
9152633,3647,6381
9020743,3647,6615
1034019,3647,7650
4490431,3648,4627
2048835,3648,5801
5244689,3648,4038
6259361,3649,5606
9321075,3649,6634
9091846,3650,5691
3820888,3650,5392
5918459,3651,5499
4525948,3651,5980
1351893,3652,4027
2652694,3652,3699
1294101,3652,8252
2261993,3652,5148
7538264,3652,7144
9110485,3653,4413
9220392,3653,5648
4635966,3653,5754
3115718,3654,5085
5860026,3654,3978
9780195,3655,5351
3155315,3656,4118
2358402,3656,5652
7960125,3656,6749
7013101,3656,4780
1449322,3656,7439
7101289,3658,7282
4812560,3658,7210
4483575,3658,6778
7486704,3659,7651
3034477,3660,5791
7630524,3661,4659
4908838,3661,3724
6548022,3662,4935
1814274,3662,5308
7353245,3662,6727
4836187,3662,3958
8034560,3662,4342
1918825,3663,5653
9406767,3664,7085
2452464,3664,8470
1007919,3664,7133
1206699,3664,6959
8291321,3665,7712
4685591,3665,4830
1958360,3666,7858
1756751,3666,5659
7475085,3666,5021
3440582,3668,7132
3510205,3669,7530
8347261,3671,3750
1826130,3671,4245
2075061,3671,4146
8275333,3672,5459
7967615,3673,8622
2402331,3673,6484
6852834,3674,4612
8875858,3674,8606
3086197,3675,5223
9704425,3675,7365
9402659,3675,7228
2272516,3675,8618
1399368,3675,4929
9763452,3676,8083
2504618,3676,6003
7745281,3676,7909
8431174,3677,8454
9635618,3678,5759
9544769,3679,3744
9470687,3679,4584
1469185,3680,4612
3533764,3680,8549
5514287,3680,4190
7332192,3681,7822
5459663,3681,5663
2596493,3682,6114
4937211,3683,6380
5286755,3684,7129
8642498,3684,8067
2363580,3685,7798
7710339,3685,4668
6930015,3686,4697
9818532,3686,6068
1449871,3686,6369
2225505,3686,3754
9753713,3687,6592
7942282,3687,7508
8690589,3688,6757
5833102,3689,7316
1635364,3689,5212
9707374,3689,7682
3513688,3690,5030
4268821,3691,6573
5240416,3691,6960
7397809,3691,4651
8582940,3692,7585
4709139,3692,4904
7611334,3693,7828
4109301,3693,7834
7932618,3693,8278
5685844,3693,7583
4493946,3694,6684
2653529,3695,7305
9502542,3695,5596
2775879,3696,6377
6930332,3697,6404
7865797,3697,4257
9180176,3697,5591
8358504,3698,4962
9652391,3699,6981
7110918,3699,5410
5429609,3699,6069
6686155,3699,5470
1352613,3699,6218
8351015,3700,5666
8092214,3701,7467
3850385,3702,7531
3542114,3703,8457
1005267,3703,8493
6163058,3704,6040
8354794,3705,5903
3773346,3705,8643
6202683,3705,7515
5372662,3706,6396
7206287,3706,5839
2303664,3707,3957
6565044,3708,5450
8943866,3710,8581
4432573,3710,7189
7789343,3710,4410
3839232,3711,6146
4978113,3711,4488
5903400,3711,7901
6124355,3712,3781
9063700,3713,8672
3786164,3713,5290
8119987,3715,7068
2569262,3715,5906
7005223,3717,8142
9589621,3717,4369
8655574,3718,7419
7322411,3718,6036
3497170,3719,7872
7395393,3720,4254
7331922,3720,7150
1184288,3721,5465
4592717,3723,5985
1106106,3723,8369
9520735,3724,5190
8597455,3726,6060
6470206,3727,6315
9545764,3727,5787
5690694,3727,5877
8018829,3727,4670
5670579,3728,7831
6121042,3729,4517
1108886,3729,6167
5693845,3730,4323
2197285,3730,5236
5156724,3731,6305
6363647,3731,6375
8474424,3731,7341
6637951,3732,6883
1219919,3732,7521
9441372,3733,6222
4606316,3733,7289
5005978,3734,4163
2119771,3735,6059
5157036,3735,7656
6586195,3735,6288
4665498,3735,5813
9849340,3735,6799
7189363,3737,5551
3553976,3737,5318
5481511,3738,6698
8317882,3738,4752
7854958,3739,6825
9622553,3739,7198
1815919,3740,6811
9565958,3740,4310
9771212,3741,7374
8325574,3741,7101
6127767,3742,8570
4754732,3742,8436
5771586,3743,8559
8998553,3743,5874
7930946,3743,8100
3354169,3744,7013
5702505,3745,4519
3871011,3745,7577
8050262,3745,4231
1491904,3747,7435
9468214,3747,5872
5250137,3747,4274
3258230,3747,5294
4153266,3748,8170
4147483,3748,7670
9121231,3748,6669
5876240,3749,7567
1178294,3749,4597
1735487,3750,3840
8446755,3751,6708
3823650,3751,7108
2650840,3751,6386
9825123,3751,6236
7281602,3752,4210
2566055,3752,5148
5193509,3752,7609
5562661,3752,6918
6980383,3753,7653
8081351,3753,3794
1394136,3753,4359
7801351,3754,5627
3048416,3754,4027
6783699,3754,7466
3554532,3754,6595
3211367,3755,8650
3419377,3755,4533
8139560,3755,5914
9302369,3755,6781
2979156,3756,7115
8443961,3756,6810
7417875,3756,6808
8407525,3757,3777
7422669,3758,8237
5243648,3758,4504
7307709,3758,5736
7171353,3759,4923
2145632,3759,5239
9061455,3759,4906
4419000,3759,6505
2439084,3760,5794
5442570,3761,7282
9134633,3762,3910
8661107,3762,8226
7691908,3762,7503
5046659,3762,4327
4117000,3763,4938
6446511,3763,7872
5523464,3763,6390
1276716,3764,7731
6805442,3764,3995
5667121,3765,4722
9655882,3767,7057
6748510,3767,4891
9908245,3767,6703
1763263,3767,4626
8118985,3767,4614
5478828,3767,5253
4385108,3767,3899
6746616,3769,6534
9215734,3770,6796
1490161,3770,4198
9949794,3771,7503
5952886,3771,6700
5338208,3771,4159
9104841,3771,8324
9354024,3771,4822
9022108,3772,7664
6452138,3772,4742
5381109,3772,5236
1130627,3772,3964
1017506,3773,5163
3933260,3773,5772
9712803,3773,5468
8244949,3773,6973
1817100,3773,8553
5998038,3773,6459
4249908,3774,4846
1686701,3775,7419
2214365,3776,6519
6587265,3776,5345
1364853,3777,3931
1059158,3777,5422
7416201,3777,5298
7224221,3778,7277
5722959,3778,8319
7331923,3778,7518
9253114,3778,6220
8606008,3779,4383
8106448,3780,5901
1657566,3780,4172
5540806,3780,8295
3122102,3780,6308
3575204,3780,7039
8802492,3782,4938
4928240,3782,6928
9273096,3782,8374
8263685,3783,6119
2308700,3783,7455
5776804,3784,3866
9217792,3786,4101
8045735,3786,7437
2142880,3787,3978
9355431,3787,7758
4148373,3788,4167
6293967,3788,3808
6157865,3788,7017
1440327,3789,4996
4100066,3790,7001
4597816,3790,4723
6982136,3790,5025
8490455,3790,3949
1604641,3791,4969
1226582,3791,7636
3643599,3792,6367
9808445,3792,8722
9945240,3793,6074
8107298,3794,7057
7560050,3795,4165
4029466,3795,5594
4910342,3795,7463
3548657,3796,5343
5706480,3796,4491
9389605,3796,6710
7902266,3796,3913
2535919,3797,5817
7409923,3797,5758
5692164,3798,6190
5559886,3798,5623
5196038,3799,7684
6183603,3799,7898
1591649,3799,3868
1369109,3799,6935
3081487,3800,6588
1649170,3800,7454
1918908,3802,4794
7473327,3802,5244
9742232,3802,7952
1093537,3802,5804
5677293,3802,7657
4822318,3802,7126
1717690,3803,5770
6716349,3803,6981
4694948,3803,6612
2327285,3803,4521
5576998,3803,7676
9430296,3804,5153
8128132,3804,5513
7758202,3804,4236
4706097,3804,7012
7964408,3804,8703
9417734,3805,6339
3261470,3807,7978
1895517,3808,6119
2869096,3809,4209
6282227,3812,8160
3966896,3812,5843
4354505,3813,6396
7393416,3813,4426
2463837,3813,8613
6478102,3814,6464
4652902,3814,5194
2801020,3814,8484
9051489,3814,6520
7297275,3815,8582
5281900,3815,6283
4507702,3817,4206
9328864,3818,7654
1842568,3818,7168
9944313,3819,7407
7684179,3819,5964
3690024,3820,4481
7613891,3820,5528
9530510,3821,4956
6190712,3821,6851
9979161,3821,7524
1734138,3822,8639
1108912,3822,4941
6168791,3822,6424
5383678,3824,5289
5789055,3824,8313
1123331,3824,6795
9722196,3824,5920
7198537,3825,6437
1662478,3825,4174
8420582,3826,6976
5759134,3827,6429
4839488,3828,5407
2370299,3828,6752
2116918,3829,5408
2525352,3829,5565
8810882,3830,4386
7276290,3830,6434
2450434,3830,7285
3420672,3830,8297
2958235,3831,7043
8185451,3831,4838
2384317,3832,8172
9594377,3832,8710
2840107,3832,6357
4986506,3832,5025
7668093,3832,7873
8483117,3833,4777
2732465,3833,6998
9862892,3833,4929
5703459,3833,8056
9797722,3834,7948
6393820,3834,7786
1007418,3835,4040
2868126,3835,6817
6624928,3835,8554
5001718,3836,8329
6357764,3836,4125
6100002,3836,7089
3658184,3837,3980
2814646,3837,7433
6425048,3837,6117
8754340,3837,6361
5701136,3837,7423
3848827,3838,7621
6333096,3838,7960
7178159,3839,7950
8478000,3839,8160
1801993,3839,5447
2570096,3840,6234
7319311,3840,7365
2777487,3841,8476
2862477,3843,4474
8526309,3844,7878
2858504,3844,6948
8198363,3845,5194
4555058,3845,4543
7775872,3846,7793
2234072,3846,6698
5592801,3847,6560
3383837,3847,6624
9462630,3848,5355
4203433,3848,7773
5883010,3848,6252
9501220,3848,6919
8740979,3848,6315
2630504,3848,5275
1392976,3848,4728
8849316,3849,5736
4429842,3849,7691
5232203,3850,6231
4943466,3850,4176
9392114,3851,8623
1001893,3851,8222
1006023,3851,6767
7640091,3851,6918
7074691,3852,8711
4711510,3852,7534
8234310,3853,6579
1345537,3853,5358
9708811,3853,8670
3868746,3853,5840
4699486,3853,6533
6911269,3853,6495
5515529,3855,6903
1709098,3855,7119
8785412,3856,6795
6341635,3858,7473
1664075,3858,6775
7335867,3859,7222
5260284,3859,8256
4864683,3860,7863
6912149,3860,8784
5481047,3860,7455
6048895,3860,8787
7135163,3860,4249
4280357,3860,3989
1727078,3861,8209
4857864,3861,5862
4671414,3862,8533
6803479,3862,6083
9154305,3862,5511
6745898,3864,8777
4957686,3865,6238
9888989,3866,5830
3415025,3867,4395
1863916,3867,5672
2835660,3867,3871
1074793,3868,7945
2085056,3868,8035
3388521,3868,5329
2383850,3869,4618
8085187,3869,5829
2498212,3870,8859
5943293,3870,4647
4241745,3870,4416
7075890,3871,6781
9396952,3871,5460
6231948,3871,4983
7404717,3871,6398
2944131,3871,4518
4941730,3871,5943
3257553,3873,5437
5015637,3873,4439
4357822,3873,4775
4346341,3874,6183
2640691,3875,8297
5365707,3875,8411
8628221,3876,5140
6908626,3876,7299
8307645,3877,3882
7012492,3878,4276
2314581,3879,6456
6275959,3879,8510
2292618,3880,6393
4083080,3882,6649
2745042,3882,8739
6219794,3882,7839
2188169,3883,8177
3063773,3883,5280
7730411,3884,7152
7416033,3884,4441
7589861,3885,6504
1920022,3885,6440
8143887,3885,6919
9530495,3885,4724
9315082,3885,6391
4702559,3885,4287
5329692,3887,8359
7394708,3887,7510
6634474,3887,4101
3843744,3888,6308
4875387,3888,6811
4932883,3888,4779
4720663,3888,4623
2100613,3890,6540
6243681,3890,5191
3436342,3890,8175
1638529,3891,6557
9723492,3892,6931
1750504,3892,4644
3919411,3894,6545
8516534,3894,5809
2567344,3895,8199
2686635,3895,4824
6205196,3895,5819
7520734,3895,4358
9355872,3896,7353
3915260,3897,8326
9642255,3898,7988
6878480,3898,4263
6098865,3899,5542
3446207,3900,4510
9204175,3901,3972
6708493,3901,7926
5769950,3901,4040
3894800,3901,6197
1553575,3901,6018
1909995,3902,8008
5157758,3902,6100
9698759,3903,4198
7077368,3903,7178
3351286,3903,4692
6025588,3904,6022
4071770,3906,5507
8512870,3906,5977
9089494,3906,6833
2407811,3907,6810
7251110,3907,5484
9809079,3907,8380
5319714,3907,6427
8628894,3908,6061
6509665,3908,5820
7870237,3910,8181
8079155,3910,6837
5755192,3910,6306
5003452,3912,4984
9664013,3912,7610
8878636,3913,4816
8089888,3914,8897
7176052,3914,7285
5450479,3915,7796
7993916,3915,6284
5792553,3915,8271
9615113,3915,4172
1925418,3916,8139
2289231,3917,8611
4919793,3917,5702
3253712,3918,6316
6052016,3918,5939
9047658,3918,6858
7246711,3918,5217
2426271,3918,7132
7739167,3919,4772
8945534,3919,7117
7399184,3920,7935
9973304,3920,5277
7927109,3920,8414
4746529,3921,5868
3403928,3921,4790
5632493,3922,5497
7168625,3922,5238
4899985,3922,4314
4943724,3922,7414
5654065,3923,5860
5219796,3923,5934
1663033,3924,8271
6458375,3924,6742
9087457,3925,5122
4263991,3925,7435
4835954,3926,7919
4701416,3928,6278
1804085,3928,4900
3125802,3928,8746
8872932,3929,6269
5608197,3929,6849
8959316,3929,5483
1975513,3930,7643
5732402,3930,6928
8355784,3931,8298
4470812,3931,7564
4500209,3932,4254
3421732,3933,4095
3731663,3933,6494
6956727,3933,7052
7394509,3934,5428
5175875,3934,8586
6778513,3935,7472
5311764,3935,8385
6034146,3935,6723
1121031,3936,5858
1581216,3936,5575
8022927,3936,4918
2780800,3936,5798
1660719,3936,6182
8666019,3937,8541
1534546,3937,8781
6979887,3937,6328
4712746,3938,8314
2891942,3939,5767
9581983,3939,4461
9501404,3939,8462
2774697,3939,7016
2096111,3941,8013
4092569,3942,4806
9617898,3943,6516
9678760,3943,8654
6813651,3943,7778
7330500,3944,5726
6917092,3944,7919
5397245,3944,4963
2270697,3944,6775
6788841,3944,5282
3821927,3945,4868
9775131,3946,8092
2460269,3946,4735
1911494,3947,8434
1800106,3947,6501
4829166,3947,6329
5984537,3948,6470
5568222,3948,4062
5064893,3949,6117
3161655,3949,8471
9593904,3951,4776
6220523,3952,8577
2749880,3952,6246
5924159,3952,5010
1308102,3952,8357
4327324,3953,8484
4346734,3953,7247
9032685,3953,5746
3469102,3955,4232
4879981,3955,6275
3678711,3955,5475
3326358,3956,7140
7970849,3956,6991
6494594,3957,4291
4616412,3957,5301
5951787,3958,4636
7507960,3958,4271
1034167,3960,6314
3865233,3960,5356
9658985,3960,4807
5952606,3960,3986
7051437,3961,4029
2558856,3961,6807
4190178,3964,4615
1374237,3965,7588
9809610,3965,7648
9612191,3966,7928
7561420,3966,4643
4124818,3967,6625
8267767,3967,6725
9756964,3967,8833
7720691,3968,4746
6610366,3968,5929
4781796,3968,5208
4026780,3968,5752
4476420,3968,8814
1319884,3969,5835
6793107,3969,4820
7578884,3969,6575
5390118,3969,5104
5218210,3970,8626
2719969,3970,6268
6292876,3970,5069
1367177,3970,5459
2721496,3970,6954
6247354,3970,6222
5961468,3970,5142
5005353,3972,6183
6275056,3972,4039
6978909,3974,7149
5019179,3974,8051
4389122,3975,5364
8632336,3975,5617
7764980,3975,8546
8115284,3975,5872
2394848,3976,5480
6383395,3976,7613
3832726,3977,5293
2262297,3978,5642
7331493,3979,5655
4431795,3979,6015
8258954,3980,8679
8468719,3981,7697
7087271,3982,6937
4858469,3982,6874
1008160,3983,7135
2203317,3984,8785
1086832,3984,6927
9688328,3985,7144
1072705,3985,8545
9946003,3985,5368
4120570,3985,7979
3531563,3986,6552
6732927,3986,7653
1907259,3987,8299
6623253,3987,4267
3672565,3987,8205
1975744,3987,8276
1809509,3987,8507
1857729,3989,6522
7144203,3990,4740
5306155,3991,6718
7035294,3991,7288
1260669,3991,8515
2649645,3992,7996
3898633,3992,4765
2296748,3992,6705
2269367,3992,6755
8683632,3993,4145
3232710,3993,7860
5680654,3994,6959
8615433,3994,8917
8913222,3994,5492
9643445,3995,5048
2625382,3995,6341
8821595,3995,4168
3863033,3996,5398
8806897,3996,5319
9837698,3997,6921
6070139,3997,7185
4990385,3997,8493
4785362,3998,8786
6673023,3998,6063
2617429,3998,4500
4290229,3998,4780
1644521,3999,7114
3647608,3999,4862
4277916,3999,6044
2565386,4000,7053
6000172,4001,6149
4914814,4001,6201
2409423,4001,6693
9427780,4001,6286
7443072,4001,8793
1573833,4002,7858
9265931,4002,8118
8308091,4003,4910
7019621,4004,4300
2168159,4004,5264
6754435,4005,6099
4856317,4006,7804
6104269,4006,5983
5691916,4008,6571
4993054,4009,4638
7831478,4010,8798
6509416,4010,7735
4697373,4010,8604
9379239,4013,5600
4422185,4013,8286
1058213,4015,4410
5642458,4016,8869
6895772,4016,6333
9859927,4016,4142
7639833,4017,6529
9480369,4017,6885
2516493,4017,5325
7237631,4018,8845
5380426,4018,4573
3771262,4018,5405
4730809,4020,4714
8571621,4020,4160
3961738,4020,5495
7242931,4021,4031
6563773,4022,4294
8024670,4022,6973
3104405,4022,6949
4265490,4023,6650
6843567,4024,5586
6050646,4024,5694
8369038,4025,5511
5996815,4025,4846
2816029,4027,7401
9151942,4027,7293
1725170,4027,4609
6220886,4028,4785
4319318,4028,5550
3941370,4028,6252
4735465,4028,7771
8407212,4029,5264
3151049,4030,7440
5584272,4031,8268
9736360,4031,7965
2811471,4033,6209
7128906,4033,7326
4498896,4034,8281
1700467,4035,7025
8479798,4035,4191
5669061,4035,4461
1713917,4036,5479
3372930,4037,8492
8570730,4037,4963
8415898,4037,7287
8309620,4038,4129
8937511,4040,4684
7609817,4040,5627
6558271,4040,7676
1086048,4040,8966
7045196,4040,4959
4334920,4041,8226
3432539,4041,8667
1305359,4042,6419
2240117,4042,6234
3953019,4042,6423
7611440,4043,6357
5511313,4043,7251
7852753,4044,5867
1346904,4045,7725
9676095,4045,8134
8384381,4046,7522
8142321,4046,5790
6856672,4046,7852
3548747,4046,8376
3166927,4048,7388
1605591,4048,5060
5233036,4048,7046
9390726,4049,8629
6657266,4049,6115
7587593,4049,6141
2590891,4050,8652
2167679,4050,6098
3595467,4050,5793
6745944,4050,5774
9209241,4053,4445
4522006,4055,4274
7503375,4055,4188
5212976,4055,5906
5298888,4055,7992
6882675,4055,6438
3737664,4057,6485
7560426,4057,8003
9216049,4057,5323
1004907,4057,4453
7472482,4057,5128
3454949,4057,4382
3952480,4058,8691
5431414,4059,4686
8727502,4060,6297
2876037,4060,5339
9186821,4061,7572
9649587,4061,4671
8656734,4061,6206
4232487,4062,4747
2434481,4062,4951
8356908,4062,8784
1400799,4062,4901
4757510,4063,8126
4716931,4063,7483
5252095,4063,4651
2384695,4063,6538
4752537,4064,7912
8417969,4064,4994
1184656,4065,4721
8032652,4065,6159
5009699,4065,4681
8991648,4066,4255
7237353,4067,5884
6227382,4067,7359
4755028,4067,6002
1439595,4068,8275
2600319,4068,7909
7835919,4068,6900
6694804,4069,8843
5230113,4070,5588
9478393,4070,6114
5609661,4070,6700
1344833,4071,8213
6750679,4071,7876
3963953,4072,6263
2526614,4073,5649
2705955,4073,7073
9539093,4074,6195
1931485,4076,7203
2086397,4076,5193
8416670,4076,6529
9194844,4077,5813
6271571,4077,5518
5588964,4077,4296
5188499,4078,5217
3853301,4079,7651
2736263,4079,6247
8967715,4079,9070
8003664,4080,7825
2041507,4081,5774
5163100,4081,8116
4867452,4081,6127
9859188,4081,8987
4190894,4082,8889
7143344,4083,4145
5856904,4083,6198
7831175,4083,6372
3524998,4083,8143
7939407,4083,8692
1692712,4085,4852
9745675,4085,4156
7675230,4085,7883
7523468,4086,4222
3547357,4086,4369
4890393,4086,7843
5696977,4087,5159
4368460,4087,4701
5517062,4087,7981
9394420,4089,6953
4545017,4089,8268
9221767,4089,4134
6281913,4090,4531
7114342,4091,6976
1207051,4091,6817
2930851,4092,4885
8087898,4094,5529
4838748,4094,4196
3924169,4094,4102
1098518,4095,7307
3097324,4096,5458
2255756,4096,7492
1769884,4097,8582
3684097,4097,7408
8319939,4097,4253
6049701,4097,7363
1567058,4098,6576
5315598,4099,5788
5712224,4099,7579
1380073,4100,8991
8185638,4101,6779
4879138,4102,6645
4425390,4103,4388
3577323,4103,5806
5389351,4104,4954
4318128,4105,5344
5559846,4105,8343
1871904,4106,8241
9637821,4106,6362
2413694,4106,4490
3523397,4106,7324
9346927,4107,8645
4994133,4108,8007
1696533,4108,6308
3861412,4109,7785
5813928,4109,5916
4864831,4109,7309
2910803,4110,5834
1834892,4110,7372
3514353,4112,4144
7417634,4112,7554
9336617,4113,4129
5630738,4113,4826
7570745,4117,6382
4730814,4117,5078
8531935,4117,7150
2651919,4119,4967
7711329,4119,8103
1259055,4119,8732
5069033,4119,5351
2668408,4120,6116
2234567,4120,7105
4744883,4120,5853
7524582,4122,6330
5715798,4123,8429
5357400,4124,4613
7871129,4125,5601
6142677,4125,4367
8842831,4125,5377
9616560,4125,4194
2924507,4126,4625
7981927,4126,8756
1598572,4127,5673
4647993,4128,8296
6889602,4129,6023
5989164,4129,8397
1139534,4129,4809
5258594,4130,5511
3295755,4130,8084
6754113,4131,5375
3181147,4131,8454
4324948,4131,4264
2685283,4131,6103
1341101,4132,8480
1385479,4132,4610
4566620,4133,5299
8815020,4133,5248
3846906,4133,8502
7152261,4135,7626
2975129,4135,4201
6917916,4135,4847
9520243,4135,4900
2761913,4136,9077
9832491,4137,6023
3343781,4137,5082
1210685,4137,6128
5174816,4137,5142
3322904,4137,4269
2198888,4139,6304
6659592,4139,5952
1884102,4139,8888
7096019,4141,4640
3567692,4141,6461
4890755,4141,8159
2574751,4142,8551
4389471,4143,4531
1224442,4143,8113
9408642,4143,4482
3100642,4143,6955
3152700,4144,4805
9506368,4144,6097
9558048,4144,6589
4286025,4145,8068
8394604,4146,7001
9747223,4146,7584
4792905,4147,7216
1766856,4147,7044
6802481,4148,5818
8516477,4148,6802
7637684,4148,7805
1346027,4149,5727
6823749,4150,7578
4591332,4150,7129
7276968,4150,6732
5680471,4151,5005
8116468,4151,7355
2628880,4151,5488
7522563,4152,5734
2279281,4152,7353
1272506,4152,6101
8342334,4152,5885
1595809,4153,8845
3343848,4153,6319
1068288,4154,7458
1660132,4154,4169
5185468,4154,4323
9539643,4154,4656
2894369,4155,6599
5850297,4156,7304
5104355,4157,8495
8295763,4157,6345
8318913,4157,5151
2081863,4157,7322
8720114,4158,7082
3956406,4158,5917
2074679,4158,8427
5835588,4159,6246
2566301,4159,8681
4535514,4161,4210
7450427,4162,8806
2374125,4162,7637
6298441,4163,4640
5517297,4163,4438
7670158,4163,5827
3383305,4163,6153
9148693,4163,5901
8012116,4163,4384
4672324,4164,7614
3323797,4165,7574
8707799,4168,6553
1300296,4168,5006
3535518,4168,4560
1729234,4168,5955
2077531,4169,5855
6901608,4170,5461
7068000,4171,8513
3677608,4171,7347
2268111,4172,8549
7319306,4173,7184
1307772,4173,5618
9180027,4173,7213
6965756,4174,4889
9733546,4174,9074
8149180,4175,5503
8873942,4176,6732
7265889,4177,6084
6858524,4178,6362
9354296,4178,7062
3678386,4178,5035
1440041,4179,5239
2365715,4180,5390
9628302,4181,6797
2323058,4181,4919
9871954,4182,6184
5162392,4182,4947
8386448,4183,6661
3216449,4184,4867
1967022,4185,5628
8252093,4185,5084
5179226,4186,5635
9231382,4186,4594
9886777,4186,5622
9447526,4187,6044
3248084,4187,6526
6870790,4188,8027
1544203,4188,4402
8925711,4188,4304
4509199,4188,4316
5651089,4190,5633
4469181,4190,6171
3187509,4190,5007
4199477,4192,6115
2284303,4192,4467
7234044,4193,6399
3538654,4194,8721
7966905,4194,8939
1907087,4196,5342
1421721,4197,8458
6690812,4198,6803
8679084,4198,5844
4500405,4198,4516
4820230,4199,8654
9322523,4200,5939
7470221,4200,7738
1444434,4200,4488
4448600,4200,4715
8151105,4201,9062
7120140,4201,5858
2788485,4203,6342
5679881,4203,4391
2550622,4204,6641
9495157,4204,6838
7504051,4204,5147
1231575,4204,7980
4303231,4205,6285
6565580,4205,6458
7142191,4205,7432
4669054,4206,6008
6446120,4206,6761
7144974,4206,7400
9925434,4208,6009
8155633,4209,6058
9511801,4210,5367
1956559,4211,6006
7575916,4211,5222
4726439,4212,7408
2698709,4212,7878
6822472,4212,6388
3703126,4213,4911
7656404,4213,5470
1258260,4214,5948
9092383,4215,6533
8911180,4216,8277
9277635,4216,6211
5442429,4216,5455
8554967,4216,6705
5778753,4217,6467
3065553,4218,7222
9199250,4219,7360
4672006,4219,5918
4480989,4220,4705
5023931,4220,4599
5046150,4220,5691
9670582,4220,5958
8663940,4220,9136
7676268,4220,4695
8864519,4221,7080
2756344,4222,6139
2315545,4222,7928
3284178,4222,6140
9123164,4222,4709
3932562,4222,7857
6158485,4222,7021
9498422,4223,5736
5297963,4224,5682
5548698,4224,8401
1121410,4225,7837
3271150,4225,6608
1582383,4225,7691
6167559,4226,8870
3285572,4226,8539
6176575,4226,7136
3603186,4227,8743
4337471,4227,6904
1153775,4227,8158
9646377,4230,9031
3599679,4230,5672
6543554,4230,8566
7769966,4231,4943
2193964,4232,7944
4364991,4232,5234
6762257,4232,4478
1010515,4233,7767
7648913,4233,7107
5006766,4233,7660
4562816,4234,4256
8130925,4234,6741
3196357,4234,4696
3910328,4235,6291
5542676,4235,8819
9327423,4235,8651
5553299,4236,6921
4925521,4236,6857
8753980,4238,6407
2244059,4239,7254
6141029,4239,7179
7205115,4239,8604
4719012,4239,5241
2740525,4240,8039
4892911,4242,7342
5938268,4242,6536
5556790,4243,4880
6515328,4243,7623
4340483,4244,8548
8202596,4245,8655
8123443,4245,6909
8701218,4245,5791
1727412,4246,8126
1625138,4246,6730
9832761,4246,7493
2158077,4247,4595
6705162,4247,6450
3999499,4248,7747
5063880,4248,6201
4004842,4248,7252
7594263,4248,8730
6183714,4248,8868
1175052,4249,5055
7532575,4249,8090
1534215,4249,6111
7621136,4249,7802
6191239,4250,4617
1021971,4250,5495
1720382,4250,5785
9479905,4251,7131
2445827,4251,8217
6682660,4251,7913
4891010,4251,8138
4254343,4251,8903
2181666,4251,8829
2152314,4252,7815
9716330,4252,8659
7768298,4252,7974
3381273,4252,8806
3758499,4252,7618
6480356,4253,5059
3778066,4254,7839
6427949,4254,6755
4808933,4257,4749
1473519,4259,6784
9729224,4261,9108
2217682,4262,8452
6710636,4263,8177
7347832,4264,4384
4315681,4264,6721
6278577,4264,7088
7601838,4265,4535
8446105,4266,8874
4873669,4266,5640
8582244,4266,9100
3748417,4267,5403
6377933,4269,8235
7334348,4270,5324
7284402,4270,6767
7649599,4271,5846
7228675,4271,6275
3196276,4271,4769
8098422,4271,4988
1354366,4273,7028
9279443,4273,7494
3628318,4273,7071
5715703,4274,5969
2349268,4274,7544
9046971,4274,8424
6534014,4275,5439
2488598,4276,7049
9657204,4276,4720
4635152,4277,4653
5905675,4277,5891
1901799,4277,8362
9301058,4280,7837
7173848,4280,7829
4547125,4280,5065
6055684,4280,6719
7409666,4281,7182
5025292,4281,8196
6506242,4282,6246
9103632,4283,4799
8364500,4283,8401
4726217,4284,8794
4161965,4285,4651
1944372,4285,4463
7565620,4285,9252
9468290,4286,7517
7753592,4286,8724
1067288,4287,5015
1145608,4287,6947
3475070,4288,6717
5775311,4289,7450
5228175,4291,8402
9137515,4291,5258
7884571,4291,5367
5037137,4291,7643
5945844,4292,8442
4768691,4293,8835
4326738,4294,9119
8561309,4296,8407
6880912,4297,6433
1824597,4299,4371
6169791,4299,7558
4351709,4300,8734
3927961,4300,5416
3615204,4300,6642
5195928,4300,7824
3697027,4301,6312
7956708,4301,7929
9944307,4301,8980
6031715,4301,6895
7925139,4301,9172
2665892,4301,4583
5883856,4302,8905
5347070,4302,6466
3790405,4303,5114
8752401,4303,4660
6074941,4304,8738
1728596,4306,5118
2881996,4306,5738
6094613,4307,9217
8995268,4307,8030
6194678,4308,5623
1782802,4308,5718
2411393,4308,8256
6597095,4309,8477
6953679,4309,4714
3377182,4309,6949
1865269,4310,8699
7841118,4310,4773
4418257,4311,8886
9569550,4311,9033
6322175,4312,6999
7359890,4313,5336
8469201,4313,7739
7473335,4313,8097
6468226,4314,9014
9271170,4314,7169
7822039,4315,8143
3485116,4316,5351
3530614,4316,7427
8165074,4316,5519
2465344,4317,8256
4493152,4317,8461
6501911,4318,7182
5454174,4319,6394
7759416,4320,8860
2695453,4320,4840
7865174,4320,7045
5402655,4321,8294
4396529,4322,8253
9958437,4322,8707
1610156,4324,4685
2348919,4324,6625
2278591,4324,8922
4696894,4325,5740
7280819,4325,9058
3155280,4326,5409
9670842,4326,8949
1055655,4327,5624
1194169,4330,6004
9473399,4330,7665
7321347,4331,4889
4144063,4331,5008
4463337,4331,8335
4936976,4332,5197
8039445,4332,6707
7777678,4332,7070
9403916,4332,6707
6005909,4333,6267
2702772,4334,7825
1449636,4334,8633
1189421,4334,9284
4077064,4335,5312
4159793,4335,6737
1974315,4335,8841
9393151,4336,7361
2488220,4336,7765
3590307,4336,4546
1676491,4337,7505
4582389,4338,6685
2534748,4339,7946
3490159,4341,6170
5691990,4341,8570
3948145,4341,8941
3292544,4341,4633
6167855,4342,7722
2423812,4342,6362
8820215,4342,8926
8309834,4343,6841
4901342,4343,8908
7870219,4343,5958
8404282,4343,6717
4155170,4344,7976
4188368,4344,4577
1944699,4345,4790
6077711,4345,6740
4818304,4346,5248
1777144,4347,7225
1517199,4347,8246
5958882,4348,6615
9946561,4348,9179
8556468,4348,5284
3411453,4349,4438
9583019,4349,7435
5864094,4350,7977
7016133,4351,5017
4932853,4351,6562
5643364,4351,5125
5253652,4352,7812
9728636,4352,5545
8102995,4353,6819
8965980,4354,5562
7564100,4354,5079
1999859,4355,7665
1013064,4356,7668
3424659,4356,6934
7587730,4357,7337
8184927,4358,8803
8074785,4360,8846
5624559,4360,9256
6527284,4360,7768
9338892,4361,6613
1324191,4362,6485
8289845,4362,8608
7803577,4362,6074
5482401,4363,5170
6742258,4363,8626
3424223,4364,6376
6045772,4364,8042
9625351,4365,7605
2997870,4365,5027
8524276,4366,6312
5548058,4368,6388
7578122,4368,6248
4211034,4368,5126
8599282,4368,5435
4356502,4369,8973
7973921,4369,5260
7541116,4369,7699
7045556,4369,7969
8487134,4370,4822
1563831,4371,6524
5763659,4371,4877
1828433,4372,5510
9629611,4372,4413
4012780,4372,8918
2128770,4372,8174
7911716,4373,7983
2106906,4373,6203
7667522,4374,8923
9343976,4374,7822
9277810,4375,5571
4778951,4375,8585
9974924,4375,7856
6281265,4376,8156
1565356,4376,4611
5932241,4377,8149
5304848,4378,8402
7716336,4378,7458
7319786,4379,8115
4293702,4379,5920
9699133,4379,8213
5572146,4379,6816
5868959,4381,8338
5527758,4381,4383
8378440,4381,8774
5680108,4382,6002
4823493,4384,8889
9315138,4384,7704
5877484,4385,6883
4902796,4385,9285
3231249,4387,4871
3549241,4387,8788
7478128,4388,6746
8735311,4388,4426
1435390,4389,5940
4608163,4389,5367
3992565,4389,6566
4321688,4389,9029
7283207,4389,5652
7022473,4389,5314
8113413,4391,5428
3551543,4391,8581
1314203,4392,6675
9081709,4392,5570
3070316,4393,6867
6302651,4393,5756
2887064,4393,5464
5174445,4394,6561
9331377,4395,9020
8570024,4396,7843
7233960,4396,4521
2185318,4397,7115
3289729,4398,4755
9063775,4399,9116
5992985,4399,5060
5346294,4399,8964
4891993,4401,6897
6533747,4402,6423
3949176,4402,5628
2653510,4402,6843
5601490,4403,4947
5941917,4403,7844
3401242,4403,5508
3342013,4403,6933
4921483,4404,5084
9588796,4404,4709
5518580,4404,6884
7863493,4404,6193
2514772,4405,5556
7732110,4405,8246
7758244,4405,5173
6593887,4405,6180
5155208,4406,5401
9453190,4406,9029
9877935,4407,8125
5753418,4407,9156
9254474,4408,6019
3203345,4408,8737
9478705,4408,7323
8903910,4408,8037
4529138,4409,7522
9997638,4409,6613
5965906,4410,6722
1452092,4410,6154
4084369,4410,9297
6059776,4411,6341
6740524,4411,6127
4187502,4412,6390
2430463,4412,7146
4967521,4412,9230
1963140,4413,8028
7667317,4414,7243
1685472,4414,9177
2302294,4414,9273
4837457,4415,8823
5228502,4415,4848
1370623,4415,7776
8414131,4416,9340
6351184,4416,5530
3807455,4416,6534
9821784,4416,8166
2480742,4417,5075
5825681,4417,6442
5470592,4417,6999
8355397,4417,8798
4254036,4418,5648
2074834,4419,8577
2757849,4420,8343
1994723,4420,8391
6252699,4420,9122
8600531,4420,7915
2166953,4422,4744
4690247,4422,4791
8133765,4422,9162
8010868,4422,8315
1279628,4423,8701
7491299,4423,6643
1209240,4424,5756
1433364,4424,8325
6689612,4424,5512
2176894,4424,5812
1077219,4424,6117
6540326,4424,4806
8508503,4425,7463
4006525,4425,7056
3510791,4426,7251
4985345,4426,6949
1126142,4426,7269
6184655,4427,5876
3944170,4427,4548
3256378,4427,5925
1580427,4428,6754
9555238,4428,6212
4782901,4428,7473
2976674,4429,8667
6644855,4429,9140
9513518,4431,8765
9702359,4432,7940
7221091,4434,8811
8417521,4434,4868
2838469,4435,9376
5187130,4435,8029
9313832,4435,9429
6315725,4436,6259
6366221,4436,8107
6345452,4436,4563
8317224,4437,4991
4539797,4437,6160
8559528,4438,6546
5236689,4438,7310
8372618,4439,8782
1365822,4439,7736
4609894,4439,5631
4623241,4439,6226
3652893,4440,9334
8218258,4440,7168
9297048,4440,6395
1180688,4441,7793
6269489,4442,4836
1176299,4444,7020
6074347,4444,5429
3516744,4448,4514
7074061,4448,8489
7886559,4449,9411
3730265,4449,6261
6570719,4450,6140
9309977,4451,8971
4566421,4452,4925
5643934,4454,8154
6075867,4454,6199
4049221,4455,4751
5309654,4455,8879
4584455,4457,7975
1988780,4457,8310
9055582,4457,7567
6920528,4458,7543
1319773,4459,5020
5345526,4459,4489
3207676,4460,6046
9875685,4460,5620
9409756,4461,6773
2061027,4463,8517
5412858,4464,5546
6213186,4464,7670
6719407,4464,7589
5649345,4465,5616
2946506,4465,6408
9535403,4465,9343
2666823,4466,6027
4777703,4466,5603
9772788,4468,6371
8566345,4468,5399
3462832,4469,5532
5636671,4470,9278
5340217,4471,5806
1150242,4472,6147
1067918,4474,4583
9779823,4474,6786
8643989,4475,8164
3622188,4477,9167
8739855,4479,8606
1148359,4480,7039
1464899,4481,8057
7038618,4482,5387
9215438,4483,8244
6780469,4483,5868
4816614,4483,9219
2693791,4483,8882
7649676,4485,8845
5378147,4485,4547
2494488,4486,9395
7107742,4486,7278
8277621,4487,5189
5073159,4487,5421
4684332,4488,9054
8331907,4488,6789
5086158,4488,7066
3514961,4489,6321
3105856,4490,7802
3531869,4492,5013
8932739,4492,4966
1692300,4492,7722
2889119,4493,8290
9159075,4494,4980
1873181,4495,9406
1908461,4495,5173
2625978,4496,9191
9261267,4496,5241
2967685,4496,8947
4582809,4497,4766
3377465,4497,7742
5408195,4497,6695
3798842,4497,9039
6848661,4499,9255
9077290,4499,4955
4168527,4499,4510
1636302,4500,9010
1766648,4501,8912
1423172,4501,5850
3020213,4502,8428
5583572,4502,7772
8984388,4503,8991
3681653,4503,8352
4082300,4503,9327
6210206,4503,5817
7113983,4504,9166
1820929,4506,6447
8602440,4506,8666
3510635,4507,7312
4527118,4507,7655
6265774,4507,8952
3152099,4508,8651
3618687,4509,5582
8625532,4510,8902
6854355,4510,8031
1044221,4511,5271
5260933,4511,4765
2679759,4511,4699
1028156,4512,7856
7898707,4512,4745
9426501,4513,8702
3214633,4513,6759
8914953,4515,7438
6247623,4515,6812
4230162,4517,8185
3549600,4519,9445
5677551,4519,8389
6087422,4521,9012
3442200,4521,5084
5164615,4521,9029
2665848,4521,4926
5385831,4521,6172
1129798,4522,5797
8656094,4522,5645
3919033,4524,7983
6929296,4524,7037
4437136,4524,9352
1290524,4525,7742
3781077,4525,6540
6596635,4526,7795
6111231,4527,7220
5003403,4527,7005
3110392,4528,8618
7898629,4528,5215
6003992,4530,6592
2849531,4530,6050
6490029,4530,6828
5953176,4530,6840
1452935,4531,6381
8692689,4531,8508
2698992,4532,4675
6745566,4533,8342
1563881,4533,5354
6325386,4533,6005
1128701,4535,5405
7278449,4535,5855
9744491,4535,6004
9839974,4535,5804
6546591,4536,7105
7798938,4538,8298
5274045,4538,5964
4220105,4539,8279
2301270,4540,5935
4194112,4540,8573
6012995,4540,9406
7828100,4540,7511
9060400,4541,8546
2091316,4541,6004
2815318,4542,5062
5846412,4542,5270
2274852,4543,6705
3997539,4545,5777
3104732,4545,5225
4578090,4545,9520
8780610,4546,7647
4824615,4547,5261
1937891,4548,5457
5050562,4548,8864
3283200,4548,6379
3302901,4548,7186
5921940,4548,5625
5836732,4549,7069
5334973,4549,7330
9842854,4550,6067
5651370,4550,5688
5253972,4551,5611
6335284,4552,8956
8359437,4552,5874
6290703,4553,7471
6311247,4554,5152
2026571,4554,8893
2979234,4554,6956
2585139,4555,7500
2182881,4555,4722
9249798,4556,5447
8062857,4556,5112
2326817,4556,9439
6108890,4557,5345
6757960,4557,6213
5880286,4558,7588
8344049,4558,8139
8345881,4558,9252
8780073,4559,8549
9267275,4559,6763
1120669,4560,7012
6594376,4560,8870
5424159,4561,5759
9145530,4561,9255
3430825,4562,6167
8134486,4563,5353
9106599,4564,9047
1152617,4564,9008
4067827,4565,5200
1091493,4565,6856
8008753,4565,8274
7778321,4565,9229
7854534,4565,6793
3444507,4566,5815
6434600,4568,9410
5746851,4568,8698
4687065,4569,9450
9596367,4569,8197
2448886,4569,4773
9118605,4570,4657
1013921,4570,6505
6693415,4570,9282
4633667,4571,7521
2064297,4571,6265
8906522,4572,9399
7942251,4572,5644
7729523,4573,6331
9342436,4573,7002
4739942,4573,8503
7035113,4573,7485
9139466,4574,4732
2957817,4574,9186
6003258,4574,7003
4271930,4575,5803
4353436,4576,5421
1492871,4576,9234
2924269,4578,7465
7785826,4578,7489
1524573,4578,5163
6663017,4578,4598
4384171,4578,8203
1785022,4579,6632
5713249,4579,6291
1756241,4579,8215
8103060,4580,7060
7738140,4581,6874
4744123,4581,8893
4214122,4582,5328
3913252,4582,6814
3600656,4582,4772
2738916,4583,6914
4803007,4583,6190
3737435,4585,8276
4595326,4585,8757
1734871,4586,8565
2572085,4587,5437
9059811,4587,5285
6346210,4587,7353
5584117,4589,7862
5490241,4589,6392
9522037,4590,6743
6776940,4591,7852
1674001,4591,5564
1484932,4591,5951
4326010,4591,8803
7394230,4592,6390
4004863,4592,4611
1030688,4593,9012
6574727,4594,5844
8938069,4594,4826
7369020,4594,5217
5707149,4594,8219
7844061,4596,9345
4298177,4596,6792
7667446,4597,6050
6818094,4597,9553
1309452,4597,6650
3795238,4599,8547
2914776,4599,5475
5171338,4600,5744
1413703,4600,6953
5456090,4601,8186
1880101,4601,4979
5363913,4601,5709
7972929,4603,7094
8616422,4605,6003
3213782,4606,8942
1679741,4606,6463
9692199,4607,6369
4618695,4607,5663
6647615,4608,8142
6513120,4608,6056
4857873,4608,8950
2298560,4609,5290
4303003,4609,6039
7589105,4610,4943
8703896,4610,5896
4137333,4610,5783
1923761,4610,8668
4312552,4610,6217
2747817,4613,8840
5558484,4614,7837
7196176,4614,8827
7037800,4615,6163
4907351,4616,6520
3196842,4616,7519
9052903,4617,6362
3769292,4617,6926
5265703,4618,8246
4122347,4618,8839
2804994,4620,5605
4533041,4621,7309
6320427,4621,7421
8569776,4622,7134
2550090,4622,4725
4680387,4622,7338
4517430,4623,6584
3833619,4623,9579
8977953,4625,9275
9832182,4625,6464
1139220,4625,7511
9094798,4626,6878
7515384,4626,8906
8140461,4626,8951
8079725,4628,7748
3134720,4629,8177
5883404,4630,5227
8563043,4630,4686
2286754,4632,5194
9515969,4632,7566
7072265,4633,8538
1669411,4633,6334
3191314,4634,8166
6116995,4634,5229
5121700,4634,8734
6064739,4634,7032
5664904,4634,7390
5092617,4635,9039
3862867,4636,7974
4901061,4636,6600
2815210,4636,8396
2615695,4637,8262
2408675,4637,9228
3353031,4638,8751
8181208,4638,5852
6606452,4639,9212
1243618,4639,8862
7009348,4640,7929
2411707,4641,5833
2858038,4641,4976
2939385,4642,6872
2173615,4645,6999
8281560,4645,7171
1948257,4645,4923
4293619,4645,7881
8425065,4646,8319
7006692,4646,8672
4126582,4646,8336
6939760,4647,4697
3266052,4648,8602
8296968,4648,4983
4878950,4648,8412
9346925,4648,8663
6197900,4649,9310
6607597,4649,6628
9302232,4650,6461
3138062,4651,5724
4003588,4651,5292
4569549,4652,4994
3300377,4652,5632
9591364,4652,9096
1574884,4653,6420
9114457,4654,7015
9105748,4654,8459
2643732,4654,7888
3941759,4655,6596
6268169,4656,8233
7936594,4656,5799
3940422,4657,6057
9860704,4657,5567
5305663,4658,6970
4512377,4660,8612
5933410,4661,7464
2443371,4661,8914
7104833,4661,4957
8956120,4662,7170
1427857,4662,7269
8733258,4664,9181
7728753,4664,5596
3263643,4665,9405
5026603,4666,8434
3175479,4668,5857
1479663,4668,5419
1329117,4668,4779
4452267,4668,6637
5610203,4668,6397
8585372,4669,4744
2379501,4669,7138
7714102,4669,9602
5582045,4670,9021
2137781,4670,7602
1964245,4671,9262
9890279,4671,7043
4777147,4672,7558
8682136,4672,5545
8106906,4672,6507
6206402,4673,8678
2450089,4673,6513
6477513,4673,6288
4869159,4673,8591
9212455,4673,6829
9851298,4674,5187
5953253,4675,8252
2390676,4675,8812
9204019,4675,6299
9605241,4675,9026
7923212,4676,8343
3374000,4678,5013
2678926,4679,7819
2595017,4680,5755
5877934,4680,6262
1759093,4681,9040
4006052,4681,8650
5258146,4681,8193
3425241,4683,6308
3299308,4684,9480
8468947,4684,6435
9742952,4684,6300
2121906,4685,5360
7212451,4686,5962
4511169,4687,7218
3031196,4687,7976
1300446,4688,5449
2419872,4688,6269
2761976,4689,9535
7814152,4690,6576
5363650,4690,6987
4750357,4692,9102
2007357,4693,7629
5999272,4693,4891
3028402,4693,7709
2692569,4693,7969
7316090,4693,7142
7243083,4694,8002
6243468,4695,5164
4218098,4697,5389
5418686,4697,8825
4604172,4699,8333
2010610,4700,5664
2005385,4700,8699
3649310,4701,5495
9858980,4702,8178
8820488,4702,6585
6496890,4702,7372
5485041,4702,6611
9960916,4703,6800
6759527,4704,5057
2817822,4704,6602
1178865,4704,7224
3138056,4706,4722
6312122,4707,7285
5637876,4707,7005
6113595,4708,7978
7148982,4708,6978
8887612,4708,6546
7329296,4708,6433
8340704,4708,7480
3456080,4710,5197
1405122,4710,7289
5204061,4710,9556
1933266,4711,9324
8730812,4712,9285
2586636,4712,6433
5604050,4713,6314
2741101,4713,7757
8755877,4714,7797
6164332,4714,8438
9738413,4714,8065
1716111,4715,8615
8251111,4715,8709
5267378,4715,7185
2939897,4715,8371
3588859,4715,5697
8280090,4715,8121
8295795,4715,6067
5728837,4716,7054
6567754,4716,6094
5830019,4717,8462
3316141,4717,4998
5401282,4718,7635
9762734,4718,6161
1091003,4718,8417
9735378,4718,8631
5151457,4719,8915
9974305,4720,6726
4186370,4720,5326
4147229,4721,8993
7934740,4721,5171
9506379,4722,6645
5199819,4722,4863
4468728,4723,5805
3473592,4723,7720
3982643,4723,8661
1540205,4724,8523
2112328,4724,9500
5216116,4724,6120
3287944,4725,5058
6449397,4725,6425
2970391,4726,5929
5850281,4728,6197
9372865,4729,9160
5377787,4729,9053
2907111,4730,7079
6030402,4730,7034
6221898,4731,6864
4355182,4733,6501
9462497,4733,5203
6096243,4734,5676
7907569,4734,6807
2058445,4734,7873
1797765,4735,6539
8843988,4735,6459
6762787,4735,6898
8512509,4737,5836
1956970,4737,6733
2280913,4738,5300
2012606,4738,6679
3776692,4739,6594
9120933,4739,9210
7711587,4739,5645
6590549,4740,9079
4201997,4742,5336
8934992,4742,5101
4114198,4742,5711
5293275,4743,6573
6761856,4743,5506
4054307,4746,6321
3004733,4747,8036
3036437,4748,8602
9628970,4748,6501
4470638,4748,7971
6811865,4748,9054
3483183,4750,9380
4088540,4751,4988
4251968,4751,4983
9770144,4751,8142
3556864,4751,4929
2966585,4753,8916
1088949,4754,5427
1587478,4755,8291
5284515,4756,7779
1967833,4756,7885
6043570,4756,8972
7277131,4756,7276
1028542,4758,5647
5594084,4758,8985
9426195,4758,8541
9877825,4758,6375
3968636,4759,6601
7241573,4760,7054
7827360,4761,6971
4508026,4761,5561
5935210,4761,5149
2305132,4762,9683
8155230,4762,7293
3220781,4763,4928
6725160,4764,4997
3599586,4764,6732
1715497,4764,6120
7556164,4764,5734
4215843,4765,5104
8120911,4765,5854
2701769,4766,6669
1642356,4766,8964
8980086,4766,6398
9838744,4767,6503
6494033,4767,7688
9224599,4767,6295
8984644,4768,7245
3804808,4768,6702
5676095,4769,5296
4693217,4770,7183
9798921,4770,8592
1835133,4770,5603
1302658,4773,9558
8087843,4773,8661
4172374,4773,8928
8213880,4773,6203
5705695,4774,7963
6559180,4776,6770
9100647,4776,8965
8724244,4776,8607
1226574,4776,6340
3708005,4777,5625
4714443,4778,6994
4245592,4778,5970
4487437,4779,5305
7330179,4781,7970
4496231,4781,7356
8401330,4781,9055
2602047,4781,7285
7170359,4781,9501
9824873,4781,5926
7544479,4783,9761
9306015,4784,7366
4032693,4785,8863
4449170,4786,9569
2590528,4786,7069
5262794,4787,8900
3980141,4788,8472
3886529,4788,8585
5186402,4788,9446
3110273,4789,7888
4560537,4789,8287
1560043,4789,7872
1506912,4790,9338
9546545,4790,8945
7505106,4791,9556
8085031,4792,9203
8561983,4792,7705
3501660,4792,7520
9994466,4793,6023
5329482,4794,6288
6263941,4794,5582
7302854,4795,7538
8749525,4795,8382
1904855,4795,9605
4605352,4795,9076
7242644,4795,7753
4908073,4795,4913
2718031,4796,4994
3720218,4797,8726
8022217,4798,4847
1412416,4798,9086
8932376,4798,6360
1291992,4798,9120
9621768,4798,7392
7007542,4799,9332
8439454,4799,6095
2265152,4800,6814
1358508,4802,8528
5474066,4803,6477
6333825,4803,7950
7957840,4804,5932
8675557,4804,8145
3912346,4806,8290
6089352,4806,5129
5103217,4806,7785
1529216,4807,7364
5550004,4807,5979
9519926,4807,7863
5631573,4807,5501
6343253,4809,8444
1256826,4810,6392
1376256,4810,6759
5909414,4810,5183
7215871,4810,5720
6211245,4810,7092
6619346,4811,9576
5052246,4811,8851
1102571,4812,6353
9498809,4812,5587
7462804,4812,5234
1344978,4814,6148
7454151,4814,5792
7388397,4815,7258
1254449,4816,5435
7219532,4817,8106
3442943,4817,8181
5098167,4817,7913
9411266,4817,4992
5391940,4819,7365
6709299,4819,5270
6797848,4819,6356
6078418,4820,8390
1767615,4820,6207
8221727,4821,5897
1804800,4822,9457
8876058,4822,7392
1151266,4822,5344
9487433,4823,6227
6056954,4823,5146
6191147,4824,8664
1613327,4825,5116
3355015,4825,5903
8310305,4826,7913
7022307,4826,7438
1463910,4827,9602
1225592,4828,8940
2360107,4828,9319
5936629,4829,6101
7058447,4829,6980
4329400,4830,8606
5678874,4831,8816
8679765,4832,4851
6814031,4833,6428
5128242,4833,5333
9963665,4833,8433
4407453,4834,5934
6548706,4834,7554
8057126,4834,5501
8796678,4835,5107
6956617,4836,8241
3759827,4836,6292
7739579,4837,7013
5809685,4839,5026
8660510,4839,7986
5045552,4839,9210
3702949,4839,6142
4750097,4840,8869
6347574,4841,4875
7939136,4841,7487
9726344,4842,6174
7866899,4842,6419
2944736,4844,8623
2747215,4845,5391
2685581,4845,8532
1587181,4845,6031
5564800,4845,6248
9680170,4848,250
1786146,4848,5208
5368920,4848,6082
6388259,4848,8506
2955052,4848,8663
3006569,4848,5485
3106006,4848,7232
3891689,4848,5286
6014824,4849,8011
6036782,4849,6784
5899481,4850,8105
9782437,4851,9545
3271023,4852,6415
6240565,4852,9571
7405517,4854,5725
9297501,4854,9633
1534702,4854,5863
7965613,4855,5393
2499522,4855,6806
8698399,4856,5371
4964483,4856,9542
2000111,4857,7675
7777441,4857,7868
6173516,4858,7224
5305227,4859,7858
4041016,4859,7387
7703900,4859,6163
5440302,4860,8496
1167640,4861,5558
1036700,4862,5659
7808165,4863,6060
6883748,4864,6623
2900895,4864,7431
4750751,4865,9547
8608711,4866,8276
3599983,4866,8046
5640557,4866,8595
1630132,4866,8124
9270450,4867,5750
2055598,4867,7175
1378223,4867,8969
6576037,4868,6902
7343887,4868,7612
4691081,4869,5351
6098610,4871,9094
5440001,4871,6613
1115805,4871,5123
3619790,4872,6250
1470278,4872,9657
1461898,4872,5316
5193978,4872,9645
9147169,4873,8087
7362645,4873,5536
9718436,4874,9046
8804763,4874,7629
9710526,4874,6829
1100318,4874,8358
3149865,4875,5023
5225143,4875,7422
1319557,4875,7757
9185807,4876,6725
8025886,4876,5222
6756684,4877,5953
5007274,4878,7651
6983611,4878,9188
7468000,4879,8144
5987016,4879,7412
9384769,4881,5275
3976110,4881,6529
8715807,4881,8596
1733295,4881,5961
5338882,4882,9694
2538274,4882,5540
6067758,4882,8923
6720792,4885,5030
7788844,4885,9141
3535610,4885,7095
6568191,4886,7024
4208987,4887,9067
4158648,4887,7080
2791074,4888,9028
7121365,4888,8397
2350401,4889,5724
7870952,4889,6995
5979201,4889,8533
7572985,4889,7333
7582293,4890,9799
3757036,4891,9774
8945903,4892,6993
3229043,4893,6181
2766328,4893,7483
8856454,4894,4957
2457943,4894,6124
4022701,4894,8515
8705259,4895,7672
6883494,4895,7961
2499010,4895,6679
4179929,4896,6221
1111908,4897,7682
8668675,4897,5834
5691385,4899,6069
8240584,4899,8133
3949614,4900,9617
5071301,4901,5943
3875760,4902,8703
5706488,4902,5480
8448546,4903,8689
2913238,4903,4930
9053744,4904,8332
9910644,4905,8308
9173147,4905,9392
2486123,4908,7364
3697400,4908,7342
7458719,4908,9505
5900001,4908,8292
1349240,4910,6870
6157287,4910,6450
5219020,4911,5935
1678637,4912,8899
4307638,4912,8353
8722175,4913,9410
3785403,4913,7230
3342646,4913,4913
1331545,4914,6292
7029641,4914,5297
1233980,4915,5572
6524201,4915,7689
6081489,4915,5381
1430131,4916,7220
7681406,4916,9551
4023971,4916,9594
3925560,4919,8326
9892228,4919,6241
3140878,4920,5247
3908407,4920,5394
6967108,4922,7341
5934673,4922,6323
7449801,4923,8126
3417921,4923,5174
4560399,4923,9417
5871863,4924,6765
4087927,4924,6838
6484735,4924,6272
4826667,4925,7695
6678478,4925,7699
9068785,4926,6746
2684294,4928,9597
5933341,4929,7671
5543526,4929,8779
4075036,4929,7032
7817645,4929,7287
4613496,4931,5429
9273325,4932,8874
2753615,4933,8551
3304962,4933,6370
3439686,4934,8808
2460615,4935,8283
5373903,4935,6601
7295492,4935,9053
1384038,4935,5542
5988909,4936,5247
6059866,4936,7477
8685162,4936,9862
2660643,4937,7587
5794574,4937,5918
2850844,4937,5693
7486365,4937,7636
8240369,4938,6438
5418579,4938,5873
5845673,4938,8249
6613513,4939,9405
6555655,4939,9722
6525356,4939,8245
3900023,4940,6205
1595449,4940,5221
3544412,4941,5404
6099779,4941,6226
2057895,4941,5846
3371361,4943,9343
7388218,4943,9466
1252545,4943,7480
7192873,4944,9428
2236077,4945,8398
8467821,4947,5747
2993797,4947,7380
4272355,4947,8061
8253249,4949,9390
8451941,4949,7844
4755764,4949,5113
1430312,4951,7746
7081960,4951,7430
1972874,4951,8501
4800587,4951,4966
5221024,4952,6472
5341605,4952,7938
3633069,4953,9614
2133433,4953,7571
4906969,4955,5044
6641800,4955,5732
1038475,4955,7663
6666228,4955,5375
6861227,4955,7427
4912629,4955,8806
9936675,4955,6326
2465668,4956,7048
2126291,4956,7416
2755269,4957,5263
2669463,4957,6030
9317785,4958,9765
6274523,4958,5376
3264489,4958,8641
5134993,4959,5630
1443185,4960,6788
9252148,4960,9337
4943729,4960,9025
5919675,4963,9635
6207920,4963,8428
7241399,4963,5862
9487446,4964,7124
1479177,4964,5203
2558827,4965,6420
6660958,4965,8685
2974180,4967,8985
9776499,4967,6949
8997431,4967,6777
2807654,4967,5853
2597033,4968,6755
9078057,4968,7578
1649934,4968,7765
1778224,4968,9485
5369331,4968,9313
9659753,4969,5022
3128499,4969,7409
2463452,4969,9138
4793141,4969,7368
2079923,4970,7603
1163065,4970,7714
5423197,4970,4974
7723881,4971,7592
2371366,4971,6548
7107444,4971,8797
5761703,4972,8256
3423049,4972,5873
7291125,4972,9487
2533646,4973,7285
5523530,4973,6478
7897481,4973,5001
6412919,4974,8777
1473350,4974,6595
1354785,4975,9590
8273757,4975,6069
1015325,4975,9960
3508680,4975,5388
2461473,4975,8015
2464198,4977,7635
3100393,4977,7155
3080009,4978,7836
8571990,4978,6614
3588527,4978,9968
2116397,4978,6328
9341826,4978,6853
8137756,4978,8272
8459570,4979,7418
7388599,4979,5463
7177821,4980,6775
6413834,4980,8841
5664788,4980,7581
1020832,4980,5978
4273336,4980,8942
5256883,4981,7393
9197680,4981,9796
4171922,4982,7849
9056013,4983,6097
8815132,4983,5805
6131990,4983,9944
8256585,4984,7398
9624485,4984,8455
6122023,4985,6784
5613335,4985,5648
2393395,4986,9507
2501479,4987,5493
5105742,4988,8879
3067996,4988,9102
6822476,4988,8455
7238963,4988,5723
4914079,4989,7612
7646938,4991,7327
1675797,4991,9350
5800672,4991,9685
1929820,4991,9062
6380897,4992,8744
7882799,4993,7064
5582089,4994,7890
5593327,4995,8910
1761567,4996,8893
2534993,4996,6420
1103737,4996,6521
6983113,4996,5130
3502541,4996,9620
9066796,4996,6625
9202351,4997,6405
5782708,4998,9088
6433077,4998,5664
5065727,4999,5633
6904602,5001,8289
3562195,5001,8240
2111115,5002,9313
8821157,5002,7304
6288441,5002,9232
2118442,5003,7440
4503842,5003,5022
2692858,5003,9245
8971352,5004,9459
2314515,5004,9636
5560891,5005,8354
2301649,5005,8110
3753718,5007,7714
9269595,5008,8381
8508607,5010,7216
6497710,5010,9590
1385126,5011,8908
3922335,5012,9320
3542062,5012,9347
7784933,5013,6993
8791287,5013,6073
1256104,5013,7376
9780579,5013,5268
3697455,5014,5784
7858279,5015,8062
6954249,5015,9774
2598200,5015,7646
4705554,5015,5494
4608803,5018,6545
9854521,5018,6507
5908610,5019,8714
6212586,5019,9628
5079881,5020,7116
5826472,5020,9976
7086467,5020,7960
5017610,5021,7819
3640682,5022,7808
1918128,5022,9899
8425383,5023,9602
9819629,5023,9750
5657217,5023,9736
7859041,5025,5890
3932373,5026,9844
4980459,5027,9647
4423438,5027,6992
4067911,5028,6166
1539632,5028,6586
7555242,5029,6572
6172178,5029,7618
1315743,5031,6651
1493569,5032,8917
6261217,5033,7403
8375970,5033,9413
7482653,5034,7007
1038919,5035,9646
6272287,5036,7123
1166039,5036,8407
5603448,5037,8336
5960771,5037,6876
1253844,5037,7233
9268532,5037,5087
9784529,5038,5388
4436016,5038,5992
7509652,5039,9443
8063769,5039,9252
8773984,5041,5718
8842107,5041,7620
4035706,5041,6266
3412925,5041,8763
2400561,5042,8843
3353420,5043,5224
3253356,5043,6996
3145836,5043,7900
4495017,5044,9657
2929822,5046,6227
1433011,5046,9012
2062931,5046,6114
7324034,5046,7169
7619956,5047,5250
3907882,5047,7363
6066176,5047,5132
4876031,5047,5680
3173704,5047,8543
5111910,5048,8716
6324187,5049,6640
8684057,5050,5084
4468761,5051,6263
8483983,5052,5248
7227835,5052,9975
6773835,5053,7004
5528033,5053,9293
3638116,5053,7233
2635021,5055,9129
1737832,5055,8411
9465083,5055,9859
1883768,5055,5632
1252814,5057,8214
1884409,5057,8462
3470048,5057,6515
9358779,5058,5308
7580701,5059,8276
5763237,5060,5661
4273827,5060,6792
1080614,5060,5112
9884200,5061,6434
7271419,5062,9106
1526717,5062,9839
2653505,5063,8144
1349434,5063,7772
5656638,5065,6906
6055394,5066,8916
2125309,5066,9191
5917660,5066,8979
8084125,5066,7359
3733744,5067,8035
6618109,5067,8764
5151989,5068,8282
5299387,5068,7193
9803854,5068,8899
1330862,5069,7072
6643643,5069,8744
8841700,5069,5688
8776086,5069,8906
7587903,5071,7338
2090143,5071,9509
4405624,5072,5248
4277832,5072,8594
4558429,5072,5540
1406414,5073,5469
5923119,5074,5533
5794383,5075,5869
7292014,5076,7439
7780596,5077,5745
1470183,5077,9594
9508243,5077,7283
5954103,5077,7740
5248400,5077,6774
2706633,5077,8310
5932408,5078,8564
6423456,5078,7410
4768245,5078,8940
7333168,5079,6068
5893662,5080,6509
8653319,5080,6270
6825124,5081,5133
4251079,5081,8613
8502165,5082,9709
3316396,5082,5998
2403865,5085,5943
7104502,5085,7793
6722821,5085,9969
4661301,5085,5557
9270364,5085,7812
2806365,5086,5954
5798882,5086,7519
7506798,5086,7765
4641732,5086,10011
4389477,5087,8447
6391983,5088,10081
6487903,5089,6890
8338818,5089,7869
9960157,5090,6301
1867437,5091,7819
1623158,5091,9251
6162282,5091,9620
2477598,5092,9823
6358527,5093,6434
6366472,5094,9535
4210573,5094,8351
5256251,5094,6143
3454959,5094,7249
6598713,5094,8870
2464265,5095,5869
8763046,5095,6613
2612368,5095,7639
7766856,5096,9269
9017763,5096,5717
7889763,5097,9628
5606389,5098,6166
4503062,5098,7987
2707843,5099,8278
7167439,5099,6530
4036818,5100,7486
6376614,5100,9230
8675618,5101,6166
2956419,5101,9652
1299069,5101,9002
9565779,5102,6388
2951567,5102,6389
7960944,5102,5580
4960510,5102,9478
7966918,5103,9850
7317652,5104,7314
9881074,5104,9427
3804868,5104,7289
6885351,5105,7929
6311001,5105,7482
8382841,5105,7275
9580815,5107,6734
9466844,5108,5348
7408340,5108,9734
5940130,5109,9452
4902876,5109,5727
1007537,5111,9844
8904982,5111,9484
6957775,5112,6307
7847199,5112,5847
7612040,5112,8010
4031453,5113,6957
7798315,5114,9443
4871967,5114,8752
6611572,5114,5763
5728797,5115,6508
9847914,5115,7864
6315540,5115,5641
2802414,5116,9707
2900269,5118,8679
6051891,5119,7570
6783178,5119,8972
3344377,5119,5528
1709514,5119,7096
9829685,5119,5826
6023653,5120,6778
4208985,5121,5672
3403781,5121,5884
1394094,5122,6037
3975401,5122,9442
4162284,5123,8644
9935988,5123,8243
1928960,5123,7376
6481230,5124,7121
1190041,5125,6717
2693979,5126,10098
5531176,5129,6274
4481829,5129,6949
4426752,5129,7878
9577156,5130,8377
5703028,5130,8952
5254202,5130,9280
8803928,5131,7427
2892295,5133,6892
7804855,5133,7913
5183292,5134,5703
5797047,5134,9035
2712750,5135,10039
8661829,5136,6904
4459076,5137,8063
1876120,5137,9051
7326297,5137,8713
5385879,5137,7571
6352753,5138,9897
8145625,5138,9577
7701004,5139,7692
9260600,5139,7425
6758523,5139,5249
7731034,5140,7130
3707556,5140,6999
2954184,5141,9352
5855658,5141,8305
2438693,5142,5170
7832046,5142,8227
2589711,5142,8720
2639107,5142,7220
9739664,5143,7629
8513103,5143,7206
1024431,5143,9955
5758380,5143,8288
5612829,5143,9574
7639267,5144,5777
9404337,5145,9892
9124383,5147,7870
4861465,5147,5888
2371656,5148,5690
4860605,5149,7882
6323455,5149,8617
3841744,5149,9683
2659172,5149,7408
4602218,5150,9945
2747658,5150,9534
5325867,5150,8439
7874871,5151,6421
7463405,5151,8349
4360684,5152,6562
5169961,5153,10134
8222500,5153,8481
7155469,5154,9655
8621611,5154,6454
9590590,5154,6771
4642753,5155,5571
8049836,5155,7200
8131348,5156,7879
7226305,5157,6379
6126503,5158,8884
5993118,5158,8258
5643975,5158,5454
3854997,5160,8359
1210526,5161,5267
3961585,5162,7042
8730771,5162,6562
9561633,5163,9806
1801003,5163,9669
1545521,5165,5337
3206172,5166,7805
3692162,5166,9863
7947582,5167,10081
3703456,5167,5620
2619222,5167,7402
2438180,5167,8987
2006087,5167,7405
6578595,5168,8845
6542316,5169,6487
5822353,5169,8835
8975844,5169,8256
4915882,5169,9349
8901235,5169,6718
9871702,5169,8647
3274700,5170,9553
9047993,5170,5534
3302367,5170,7337
7931838,5170,10055
7911400,5171,9303
5160176,5171,9792
6272041,5171,5711
9938477,5173,8643
9128469,5176,8191
3449487,5176,8212
4852637,5177,6356
3610964,5178,8270
7865975,5178,6767
9384768,5178,5464
9607913,5179,5400
1633517,5180,6024
8652651,5181,6707
5889548,5182,5689
2984137,5182,5609
9328644,5183,6080
6478780,5183,7292
9620319,5184,9030
5088127,5184,7368
3504578,5184,6685
6658972,5184,8758
7397455,5185,10011
3957368,5186,6155
9445545,5186,6446
4789619,5187,8958
7182155,5187,5545
8504616,5187,5282
3805754,5188,7453
7989873,5189,8909
8666905,5190,9895
8039708,5190,8898
6369348,5191,5911
9222791,5192,9778
9037863,5193,5526
4267192,5193,10071
6365056,5193,5198
1967899,5194,7812
4175084,5194,9976
9680152,5194,5327
6604723,5194,5444
3235558,5196,7330
7101648,5196,8289
9810588,5198,7352
3501012,5198,5637
3834569,5199,8054
6051423,5201,8396
2188037,5201,7804
9168827,5202,9854
2167567,5203,6416
1431200,5204,6473
7333875,5204,6758
1212565,5204,10083
1271275,5205,8585
7906704,5205,7782
8884738,5205,7747
6887164,5206,5259
1410497,5206,8462
3838773,5206,9034
8260807,5207,7527
6576410,5207,10072
5017925,5208,6720
6202143,5208,8808
6049863,5208,8103
7823894,5209,8423
4337544,5209,6149
9243428,5209,5448
8846815,5210,5887
6420995,5210,9661
8705840,5210,5601
1292722,5211,9193
7381665,5211,8920
6699061,5212,6911
8209098,5213,5265
5347088,5213,5474
5754345,5214,7016
8957830,5215,8337
6124671,5215,5316
4012842,5215,5772
9236640,5215,5337
3511457,5216,10039
8373203,5216,9904
1688494,5216,10197
2745182,5216,9482
5188235,5216,6355
3481986,5217,9029
2858889,5218,6190
6798825,5218,6014
8637237,5218,7622
7451304,5219,9076
9945116,5219,7901
4562209,5220,6170
2913673,5220,7010
3704810,5220,9935
2423021,5221,6824
7004431,5221,6354
7746145,5222,6926
2979987,5223,8612
5709082,5223,7326
5275161,5223,5352
6708756,5224,6789
9226694,5224,8409
9235497,5224,10202
8994346,5224,6874
2898438,5225,9767
2570741,5226,8571
5169672,5227,10220
2372961,5228,5982
8968034,5228,7338
1336252,5229,9833
6755826,5229,5350
2239049,5230,5735
3033298,5230,8361
3282786,5230,8271
7483141,5230,6832
8921860,5232,6183
3417871,5232,9955
3904230,5233,6120
5882259,5233,5735
5210731,5233,6985
8719372,5235,5895
3383500,5236,8176
9983558,5237,7446
3658369,5237,7599
1400470,5237,5484
3662876,5238,5980
9695848,5238,6959
7996299,5239,8484
8543174,5239,9167
5841751,5239,9665
6217890,5239,9342
9435181,5240,10238
1068906,5241,5626
8310831,5241,9071
7454325,5241,8533
2465293,5242,6296
4702346,5242,9795
1721534,5243,5627
1418260,5243,6372
6441172,5244,8784
3413961,5244,10065
7073411,5245,9248
9395247,5246,6256
9935859,5246,8392
7129918,5246,8842
3039464,5247,6221
5498196,5248,5318
8216248,5248,5868
8066320,5251,5390
1528097,5251,7127
6827752,5252,7368
4102186,5253,7240
6770990,5253,5668
6804842,5255,8478
7238922,5255,8557
8047665,5255,6389
2547781,5256,8736
5522160,5256,9842
8841260,5256,8610
4277638,5256,8833
2194198,5256,5885
9948337,5258,5439
7763959,5259,9767
1039092,5259,6490
8602302,5259,8354
9334129,5260,5547
1139652,5260,8849
4537058,5260,6375
3005633,5260,6050
9037590,5261,8669
3985360,5261,8336
9174433,5261,8913
3587999,5261,8960
4730487,5262,5461
8291732,5262,6518
8756838,5262,8413
9009090,5262,6580
6650890,5263,7473
6209286,5263,9320
2019848,5264,6866
8204464,5264,8188
2096237,5264,5660
6034056,5265,7180
1849399,5265,8835
3216419,5265,9497
8369636,5265,6259
1595229,5266,7175
9967064,5266,5769
9161163,5268,5307
2582308,5268,9497
5469246,5269,8834
3376178,5269,8163
5904810,5269,8106
5087541,5269,10020
5624138,5271,5584
9726554,5272,5740
5165767,5273,6048
9761415,5273,5455
8520505,5274,8158
6500150,5274,5538
7828680,5275,6994
7184742,5275,8109
3893214,5275,7944
3459409,5275,8804
3246645,5276,5430
7006942,5277,7067
2656898,5277,6580
9461277,5278,5748
4620601,5279,8494
4395345,5279,9793
5894176,5279,8062
1142971,5280,8008
8724835,5280,7130
5833618,5281,8530
7606683,5281,9884
9448238,5281,7305
5028866,5281,7630
8111227,5282,5445
3147789,5282,7000
4486715,5282,9474
3824482,5283,7455
7550412,5283,5454
4121803,5283,8879
1187365,5284,9797
2695677,5284,8306
5384087,5284,6601
7525725,5284,10188
6321069,5285,8505
1254777,5285,7095
3013314,5285,8972
6079377,5286,7339
4472104,5286,6894
9691060,5286,6864
2876517,5287,7414
9086214,5287,5811
1448881,5287,5704
5149270,5287,8187
9413521,5287,7670
7476282,5288,8438
4130284,5289,9827
4958334,5289,7375
6892329,5289,9583
3348118,5290,7210
2392608,5290,8602
4428604,5291,5458
3247591,5291,6336
2064312,5292,9376
6447396,5292,6538
1456039,5293,5611
5157286,5293,7459
4120398,5294,6212
9110751,5294,10098
7006112,5295,5590
8228605,5296,7937
1526437,5297,10225
5003909,5297,7811
5397846,5299,9174
4093269,5299,8401
2270936,5300,9764
7928584,5300,9886
8610300,5301,8162
9454617,5302,6914
8802316,5303,8550
1738884,5303,9581
3408754,5303,8699
3835903,5304,7155
5977946,5304,5632
3715036,5304,8312
3057729,5306,6598
4379142,5306,8719
9662632,5308,6357
8579380,5309,9924
9568354,5310,7465
4554387,5310,9655
3950111,5310,6120
6720491,5311,9664
9077015,5311,8115
4022878,5311,5945
3950659,5312,8660
7923700,5312,8144
8451395,5312,10227
2191416,5314,9274
6939136,5314,6498
3431277,5315,6671
1267919,5315,6234
7748087,5316,6857
9885825,5316,9530
9946875,5317,5811
8518951,5318,8729
4929721,5319,8500
5627694,5319,7740
4444719,5320,5599
6760453,5320,6543
9134187,5320,5846
8456589,5321,7906
3105363,5321,7753
2166689,5321,5754
2388651,5321,9670
6632802,5321,8602
7823981,5321,5671
8724622,5323,7886
3522141,5323,6533
9912603,5323,5857
6554948,5324,8258
3765695,5324,8618
8967978,5324,10083
3970973,5325,6610
9975586,5325,8879
9355443,5325,10247
8955671,5325,5882
3171611,5326,6526
8404014,5328,8334
7296957,5328,6351
6365021,5328,5572
5049811,5328,5706
7751373,5329,7721
8523139,5330,5642
2838853,5330,9345
3353871,5330,10277
2931115,5332,5809
6603871,5332,8937
5745880,5332,7239
2365001,5333,7274
9774584,5333,7087
6031841,5334,9034
2373774,5334,8392
7716014,5335,10233
1639748,5336,6776
6481971,5337,6283
1242641,5337,10056
3105855,5337,9658
1680313,5338,9545
3689616,5338,8183
5796132,5338,7828
1626145,5338,7240
1150654,5339,9310
8639198,5339,6330
8096073,5340,9532
3545107,5340,8607
3636040,5341,5742
1388467,5341,9452
9419435,5344,10181
4807332,5344,5582
1663243,5345,7176
7035452,5346,10214
5388105,5346,6531
7037100,5346,10090
1453993,5346,8233
6025216,5348,8545
4339021,5349,5902
9188133,5349,8478
5772669,5350,8327
4828741,5350,6176
6666134,5350,9942
7602610,5351,9418
7863491,5351,5414
3128523,5351,6184
5269020,5351,10111
5854947,5351,9277
8254673,5351,8366
4198173,5352,7213
8807378,5352,7003
5810469,5352,8931
2447156,5352,9533
9392982,5352,10202
6289929,5352,10110
1802765,5353,7645
4147222,5354,8840
4965902,5354,5436
2279030,5354,9642
3235724,5355,5842
3112687,5356,7326
7410261,5356,9280
3475664,5357,6023
8205132,5358,9983
7880094,5358,8051
4605652,5358,9460
6650056,5359,8448
2187696,5359,9442
1464817,5361,7504
2687269,5361,9502
2523536,5362,6276
2233421,5362,6531
3501243,5363,9511
3603243,5363,5447
1125988,5363,6533
8750145,5364,7094
9470429,5364,8977
4589816,5364,10119
9741492,5364,5452
3674794,5364,9892
7162956,5365,6855
9522281,5365,7821
3847110,5366,7541
4501271,5367,7473
6996078,5367,9850
6758155,5368,9713
5124978,5368,5680
8092336,5370,7129
4082684,5370,7008
3319226,5370,8035
6540372,5372,6888
3162630,5372,7304
7915430,5372,6724
2778302,5373,7028
8272378,5373,9178
8387634,5373,7526
5397366,5374,5827
2513534,5374,8866
6013861,5376,6933
9898337,5376,6619
8750405,5376,5863
5773592,5377,6522
3209649,5377,8318
2600595,5377,7239
8097827,5378,5581
7572064,5378,6386
1899515,5378,8702
6287699,5378,6854
2653172,5378,6568
9728113,5380,8810
9699698,5380,10057
8786900,5380,8723
8832973,5381,10242
7591563,5382,6234
1354174,5383,8642
3761928,5383,7498
6955775,5383,9819
7246107,5385,10370
9819397,5387,6653
8728175,5387,5510
4341879,5388,7618
3997226,5389,10061
1290006,5389,9740
4299756,5389,7001
7614067,5390,9512
3621766,5390,7182
5925215,5391,8818
1103126,5391,8823
7608748,5392,7917
1399601,5392,7944
5640918,5392,6932
3319928,5392,5683
6348391,5392,5980
8675670,5393,9236
5621568,5393,5832
7333874,5394,6366
2741482,5394,7578
6109939,5396,7100
7376015,5396,7501
1073346,5396,5693
3328137,5396,5876
2594951,5397,7384
6060536,5397,7189
4431342,5398,10082
4868292,5399,7440
5741805,5400,5895
4009510,5401,9932
5556549,5401,8813
5511912,5402,9936
1651799,5402,7311
6005303,5403,7101
2112772,5403,7673
4523478,5404,7459
8243338,5405,9696
2825133,5405,8999
5756740,5405,7963
8582922,5406,5965
1752599,5407,10290
2543376,5407,5742
5296155,5407,8335
9070714,5408,8460
4769395,5409,5436
9440989,5409,8747
7721220,5410,9038
9653532,5410,5478
1731926,5411,6759
7057968,5411,5807
1269311,5413,8662
2962513,5413,7537
3877965,5413,10214
7971639,5413,5771
3238099,5414,6037
4969207,5415,10330
4722809,5415,9051
1854303,5416,8204
4152538,5417,6659
9197519,5417,9954
5090089,5417,6091
7626836,5418,10255
9970777,5418,8148
2850125,5418,7147
7492429,5419,6449
2127576,5419,6489
8647034,5420,5992
7478218,5421,9846
4894554,5421,9170
5926314,5421,6540
2041980,5421,9209
2729660,5421,9204
4326119,5422,6699
2382348,5423,8124
5181491,5423,10342
6800073,5424,10062
2231600,5425,9184
3125676,5425,6040
9974920,5425,5601
8197933,5425,9438
1760749,5426,10078
1641199,5426,7030
2514148,5426,8522
3617070,5426,7428
6441327,5426,6507
4977826,5427,5533
3326599,5427,5547
4145895,5427,7106
5012622,5428,10029
2766402,5429,6252
7553816,5429,6294
1754757,5429,7516
4869241,5429,8995
8029588,5429,8376
1109178,5429,6655
9427201,5430,5826
9094146,5430,6292
5762252,5430,8342
9457824,5431,9085
7973662,5431,8782
8161063,5432,6567
3361560,5432,9570
8305541,5433,6538
3237537,5434,6315
8764490,5434,7694
4256308,5435,9087
4240704,5436,9863
6680411,5436,6979
8622629,5436,10081
1216535,5437,5454
5589580,5437,8326
6933139,5437,7076
7687223,5437,6695
5443032,5437,6471
5083438,5438,8041
4103685,5438,6080
4716248,5438,7922
3533981,5439,9090
5803066,5439,8937
1717111,5440,10341
5733600,5440,8730
3911946,5441,9982
7688437,5441,8150
2738421,5441,9156
8772054,5441,5833
3267932,5442,8040
4445454,5442,8689
3815339,5443,9840
3289070,5444,8318
2153121,5444,10056
3060969,5444,9916
1584168,5445,8180
8648143,5445,7600
4392497,5446,6461
5465502,5446,7604
2177216,5447,7993
8803845,5447,7049
1778176,5448,9041
5777316,5448,5783
5673550,5449,6255
1667224,5449,6307
6301911,5450,9216
9119286,5450,10203
8139612,5450,7571
8913872,5451,7979
2597073,5452,6080
2339658,5452,8508
6619020,5452,8276
7979104,5453,7452
9791793,5453,7693
2536448,5454,10146
8862452,5454,8419
5111828,5455,8577
1139432,5456,9760
1441136,5456,7091
7055613,5456,7302
3570741,5457,6492
4544143,5457,6309
6776368,5458,10349
5531028,5458,8071
3941651,5458,5616
2060638,5459,7269
2281316,5460,6052
8951851,5461,10176
8374114,5463,10024
3442759,5464,5552
7561761,5464,8755
6880214,5465,9935
2933269,5466,9185
5088793,5467,7076
3467770,5467,6524
2068696,5468,7572
8554745,5468,7800
5818296,5468,10081
1890768,5470,8373
6961890,5471,7183
6037373,5473,6396
3427059,5473,9503
7849336,5474,6162
5175300,5474,8394
1237817,5475,7048
1252951,5475,7385
8406429,5475,7655
6048599,5476,5744
7777666,5476,6393
9924841,5477,8564
3623044,5477,5932
1344083,5477,6608
9768377,5478,9868
4242833,5478,8976
1742229,5479,7016
5458792,5479,9281
9433178,5479,5631
1961868,5480,5848
3290797,5480,10126
7684821,5481,7789
4375085,5481,9192
3026318,5482,6328
7179106,5482,6086
8548719,5483,6335
1927174,5483,6045
6405803,5484,8133
2734117,5484,7929
1914690,5484,8228
9116510,5486,9456
9471384,5486,8611
5105243,5487,10422
4772526,5487,7316
1726716,5487,5520
5447896,5489,8921
2652909,5489,9535
8646116,5490,8130
6378270,5490,9550
2887469,5490,7859
1543803,5491,6280
5596517,5491,6292
2947971,5491,5879
8739405,5491,9627
2047725,5492,7009
3284588,5492,7062
4894531,5493,5559
7989043,5493,10203
6825307,5495,10277
4217031,5496,8118
3484601,5496,9362
2237127,5496,9576
5993054,5496,9074
1707790,5496,8570
9133792,5496,8258
1621471,5497,9298
5082347,5497,8894
4426724,5497,8530
6723960,5497,10057
6829644,5497,10461
6436011,5498,6744
3919514,5498,10291
2032609,5499,8579
2574992,5500,6335
7860081,5500,8759
2731051,5500,10304
8575818,5501,9878
5267013,5501,7488
6853501,5502,9350
8346171,5502,6706
9924236,5502,7400
1791816,5502,9683
9346159,5508,9894
9667530,5508,10319
7956646,5508,7129
3151176,5509,7622
3318855,5510,5819
6260960,5510,8552
9933809,5511,7937
6575500,5511,6843
7560026,5512,7895
1183100,5512,5661
3547869,5513,5645
7340609,5513,10425
3031813,5513,9263
1583812,5513,6243
6355713,5514,7690
7039910,5514,9705
2988397,5514,9482
2504179,5514,5931
2913462,5514,5972
5525653,5515,9561
2395920,5516,6795
8449103,5516,9351
4448656,5516,8538
9773356,5516,9861
4992976,5518,9643
1883777,5518,8592
3116029,5518,6965
1277121,5519,8256
7454713,5520,8183
9387481,5521,7812
4171001,5522,9096
4922224,5522,8266
9140756,5522,6339
1211742,5522,9336
8753477,5523,6425
6143298,5523,9173
8539928,5523,7470
8192156,5524,8414
6496049,5524,6671
4816306,5524,7716
5019306,5526,7294
9468370,5527,8340
5254113,5527,7107
4793827,5528,6063
9918187,5528,10492
5530979,5529,6845
7400044,5529,7795
3381490,5529,7290
1666665,5530,8457
1076329,5531,9684
5323693,5531,8053
2296270,5531,9789
9882728,5532,9171
7037296,5533,6053
7224473,5533,7560
6355079,5534,5722
7733073,5535,6732
3082415,5535,8043
6796698,5536,6429
1344298,5537,9809
7738107,5537,10081
5521822,5537,5958
4324596,5537,8544
4625394,5537,8854
5309089,5537,9872
3653416,5538,8111
2273360,5539,9803
5890810,5539,6415
2894674,5540,5568
9029998,5540,5668
5306844,5541,5563
5443750,5541,8571
7781944,5541,9561
9865902,5541,6483
2272947,5542,8561
3281654,5544,9610
7736936,5544,6944
3911124,5544,7943
5091102,5545,5781
4496896,5547,7379
3214887,5547,6681
3668568,5549,5756
1879055,5549,8010
3438903,5549,8425
8176798,5549,6121
8578607,5550,7539
4170780,5551,9136
1973000,5551,7928
9890087,5551,6733
9503233,5551,9298
3946903,5552,7273
2637982,5553,9718
7612639,5554,6537
4611524,5555,8493
7548489,5556,7283
4245853,5556,6799
6504805,5556,7993
9940529,5558,10268
4617623,5558,8731
1371863,5558,10188
4043747,5559,10268
5480115,5559,9347
5669732,5560,9892
3301147,5560,6048
1208807,5560,7228
6614847,5562,10304
2159653,5562,8992
3133502,5562,6003
9791641,5563,6953
7415177,5563,8651
3418531,5563,9101
9094145,5563,10428
1701970,5564,8436
5701993,5564,8035
1750341,5564,5580
1500437,5565,9629
3532823,5566,7136
3430970,5566,7064
1730141,5567,8698
2321258,5568,7553
6520689,5569,9147
6754085,5570,8345
8965288,5570,9947
2103783,5570,9141
3446617,5570,9158
7587503,5570,7029
1272592,5571,10511
9375507,5572,7321
4830720,5573,9097
4199335,5573,8656
3971704,5574,10519
3580138,5574,9767
7636959,5574,7795
4070993,5575,9290
7715826,5576,6014
3146023,5576,7477
6183215,5576,6230
7477376,5576,8634
7220138,5576,7678
9852311,5577,10518
6070873,5577,7165
1026677,5580,8926
8257796,5580,6760
9313797,5581,6752
6557821,5581,10143
6041582,5582,5728
2721446,5583,9308
6436620,5583,6114
6275148,5584,6825
1050602,5584,8759
9206827,5586,8778
1245799,5586,8526
4808257,5588,8544
3624060,5589,7714
5559811,5589,9589
9797841,5589,6488
9819993,5589,8308
6533214,5590,10509
7789046,5591,9660
5333078,5592,10518
1444030,5592,8272
2122310,5593,10096
5959324,5593,9553
9313254,5594,8737
2558549,5594,5959
1942309,5594,7966
5649024,5594,6715
3594927,5595,8665
2686485,5596,6022
2196470,5596,5822
1369831,5596,8063
2689713,5597,8621
4029930,5598,8597
5521695,5598,6856
5516267,5599,7010
6347581,5600,7196
1713772,5600,9338
2873054,5600,7203
1707399,5601,5947
2114525,5601,6769
1552667,5602,7808
3295424,5602,9608
4427759,5605,6368
5866108,5605,9117
4193235,5607,6039
2478825,5607,6718
6966752,5607,9996
1151690,5607,8164
7758812,5609,8601
6328655,5610,5912
1247756,5610,9806
4094307,5611,10057
7415141,5611,7393
8737888,5611,5821
4016224,5611,6538
1661976,5613,6105
8617257,5613,5661
2617994,5614,7486
8260269,5614,8844
3736318,5615,5675
8270370,5615,5896
1249473,5615,9966
1882670,5615,9252
1906963,5616,8602
1326683,5616,6739
4564291,5616,7055
2091054,5616,9789
2614997,5617,9482
1603520,5617,6197
4125686,5617,7202
3799645,5618,5918
2092979,5618,5981
8795940,5619,8979
3990694,5619,9322
3450075,5619,9990
9245147,5620,6719
9814365,5620,6444
7226256,5620,7780
7082766,5620,9675
1293636,5620,10177
9046737,5620,9836
9994990,5620,5920
9682619,5621,8478
2086981,5622,7907
8882421,5622,7687
7876609,5622,7483
3972998,5622,7936
7500842,5623,9229
4293697,5623,7959
8335630,5626,9098
5564231,5626,9584
3121325,5627,7222
1602967,5627,9437
3673085,5627,6509
4215358,5627,7854
8151198,5628,7256
3279273,5629,9575
6938247,5630,6937
8055415,5630,5693
4224910,5631,6073
9814146,5632,6490
8131683,5632,8607
9104343,5632,9764
8246431,5632,6607
8303455,5632,8533
5683466,5633,5633
9076592,5633,6019
1013827,5634,8482
7639780,5635,9623
4563531,5636,9172
5871833,5636,5737
1717365,5636,7960
4913805,5638,6093
2248393,5638,8534
5910172,5638,10181
9336857,5638,7539
3212528,5639,9064
3309793,5639,7855
7952300,5639,6842
2530584,5640,8481
3109127,5640,6304
4909595,5641,8522
6296708,5641,6373
9796801,5641,5652
7243382,5642,7414
8368142,5642,7018
9024409,5644,9960
5859940,5644,9789
6460079,5644,8252
3843242,5644,7677
6351693,5644,8889
2159757,5644,8183
6280924,5646,8494
2818528,5646,5962
4581933,5646,7374
6171314,5646,8562
8216138,5646,7704
7314129,5647,5927
5197981,5648,5708
9019578,5649,5799
1584443,5649,7405
4047470,5650,8175
5195646,5650,6826
8265310,5650,9890
7982681,5651,8729
1170660,5652,10188
9785349,5652,10266
5325752,5653,7822
9449761,5653,9225
3925972,5654,9622
8838696,5654,8428
4240966,5655,8278
7548550,5655,9161
9220782,5655,7559
3660847,5655,9740
4114939,5656,7669
6764195,5656,7395
8578526,5656,10642
7300429,5656,6457
9303431,5656,6775
6053790,5657,7655
1160131,5657,10612
2540415,5657,9807
5537322,5657,9750
2531898,5657,6202
7827967,5657,10139
4500481,5658,8174
5547645,5659,9963
4762591,5659,10341
2621214,5659,10575
2379607,5660,6724
2742130,5661,6212
6278228,5661,8292
1922754,5662,8501
9347492,5662,6403
2618668,5664,8944
5143047,5664,9271
9561206,5664,7632
8148187,5664,7890
9987268,5665,9208
1709946,5665,7381
5070117,5665,9930
8442210,5665,9327
1380042,5667,10273
3163939,5667,10132
3360525,5669,7281
1772744,5670,6337
5010014,5670,7844
7658175,5670,7203
1780169,5670,9877
3704904,5671,9883
8283783,5672,6036
2745957,5672,10449
2621793,5672,7964
2210833,5673,7966
7312203,5677,5996
5736521,5677,8792
9354661,5677,7244
2559449,5678,10444
7703457,5679,6765
9449485,5680,6578
8260530,5680,7563
8335798,5681,9695
6144867,5681,9588
5835555,5681,8131
3329266,5682,10549
3676891,5682,8997
6787415,5682,6065
4269301,5683,6932
4760785,5684,6492
2534456,5684,6127
1266586,5686,7715
1885212,5687,7138
9210829,5687,8924
1033034,5687,10524
1727540,5688,5848
4694703,5688,6203
7198620,5689,9345
8319432,5689,6349
5457371,5690,7130
8609591,5690,8234
8899107,5690,7846
1075687,5690,9296
3615376,5690,10395
7990264,5691,9112
1634095,5691,6096
6033259,5691,10217
9336428,5691,10502
6021851,5692,9199
1411605,5692,10575
6751356,5692,8437
7932274,5692,10642
7716862,5693,6166
7849230,5694,9364
8514956,5694,6723
9606201,5695,9753
9521422,5695,7074
3862800,5695,6473
8659854,5696,8030
5757151,5696,8975
4259160,5697,9144
6352544,5698,7516
7793466,5698,9351
9026876,5698,5854
5113388,5699,8392
8412981,5699,10267
9695406,5699,7614
1394317,5699,8719
9947449,5700,10627
8262785,5701,7947
7169143,5702,6690
6193772,5702,9009
9344435,5702,8585
9842360,5702,8424
6979143,5702,10262
1941705,5702,9425
9092798,5703,6487
5416773,5703,6292
4053243,5704,9151
3366004,5704,5839
7762993,5705,8496
2724229,5705,6295
7168359,5706,8863
7326585,5706,8614
2608962,5706,8251
1100134,5706,8342
5925698,5708,6382
9492074,5709,8077
2124657,5710,10501
1919163,5710,6250
8647122,5710,8697
1887640,5710,7727
8225033,5710,9627
6787572,5711,8054
9733489,5711,7601
8661417,5711,6383
3684241,5711,8590
8283645,5712,7424
5257032,5712,6204
3459992,5712,6425
4412108,5713,9827
4900480,5713,9419
1617074,5713,8630
8168580,5714,9670
8840775,5714,5986
8752009,5715,9412
7364266,5715,10408
8476609,5717,8524
2867266,5717,10369
1007791,5718,10528
8569510,5719,7468
2621196,5719,7300
4586934,5719,6210
5338235,5719,8145
7201524,5722,9933
3404265,5722,9454
6107418,5722,9066
4754720,5722,5774
2929775,5722,9610
6847958,5722,8260
1548848,5722,5781
3235649,5724,10583
8558077,5724,7149
2738792,5725,6003
6315291,5725,6230
6361670,5726,10585
1527696,5726,7818
7717242,5726,7753
4431472,5727,6256
1729579,5728,6899
7634861,5729,7089
4207396,5730,9103
2758306,5730,10574
3080577,5731,8371
3557950,5731,7971
6201459,5732,8379
1031804,5733,8836
1342381,5734,7201
7061180,5735,9319
3134424,5736,9621
5406616,5737,9947
8474285,5737,8429
6163802,5738,10623
3077621,5738,8271
4845145,5740,6648
6592341,5740,8463
1868042,5740,8949
8170046,5743,9531
5126563,5743,8899
1239301,5743,6395
5343719,5744,9340
9562305,5745,6017
2558470,5746,9460
7055390,5746,9096
9324544,5749,8306
6940282,5750,6230
7112132,5751,10377
8620333,5751,10528
9089499,5751,7567
6569527,5753,6059
1750802,5754,6286
2136747,5755,10066
3925553,5756,8687
5222328,5757,10301
6288603,5757,6654
3093857,5758,9923
8466707,5758,8863
4975072,5759,6493
1065692,5760,5856
7164920,5760,5763
2192749,5761,6998
6539440,5762,9982
7508149,5762,7470
9606398,5762,6728
8736200,5763,8151
4886372,5765,8195
9493782,5765,7187
8103434,5765,10006
6331720,5765,9930
8734674,5765,10200
4464132,5765,8822
8951537,5766,9826
4667234,5766,7017
1070899,5766,7006
3058665,5767,10076
8779271,5767,9846
4541308,5768,9131
1224921,5768,7207
9358911,5768,9127
9581003,5768,9884
6893070,5769,10249
7734510,5770,9596
8825179,5770,9492
7365329,5770,7174
5161661,5771,8673
2145633,5772,9503
8820058,5772,10179
5720103,5772,9241
5942255,5773,8531
2155819,5773,7494
6718470,5775,8031
1510130,5775,8901
7482122,5775,6943
4779958,5775,9192
2276076,5776,6826
5471949,5776,8574
5516477,5776,6519
9537000,5776,7128
3955459,5776,7965
6766273,5777,9558
6705954,5777,9917
7724637,5778,6011
1141026,5779,9990
6891325,5780,6502
6570283,5781,6854
6255367,5781,8514
7463861,5781,8323
3843994,5781,7567
3042794,5782,8392
4032271,5782,8137
6356616,5783,10116
8856904,5783,7354
4741886,5783,8150
4500565,5783,10721
8458516,5783,9649
3092832,5783,10493
5170555,5784,9745
3021861,5785,8787
7000263,5786,6242
8482027,5786,7856
4812484,5786,10374
4309178,5788,6548
9216069,5788,7208
1648835,5788,8255
2531491,5789,7798
8052712,5790,6397
4809628,5790,7033
9591884,5792,7645
4151443,5792,8220
4813778,5792,8861
6917455,5793,8296
3804928,5793,9848
5243781,5794,9026
7384167,5794,9646
1001048,5795,6951
1965208,5796,7743
6097154,5796,7644
3810569,5796,9321
6227653,5796,8347
6637581,5797,7789
5145348,5798,8714
2820972,5798,10217
9614492,5800,9021
3789334,5801,10229
3360685,5801,9915
3196098,5802,8894
4336608,5802,6807
5516302,5802,6659
7471240,5802,6082
1839561,5803,6767
2634821,5804,7469
2114745,5805,7567
6287542,5805,8106
9186500,5806,9480
2441538,5806,8869
1365418,5806,9914
2061867,5807,10738
7702607,5807,9364
3630374,5807,9664
6277143,5808,6468
7223830,5808,7920
2796545,5808,9261
9960047,5809,10465
7986838,5809,7866
3615164,5811,10114
9843576,5811,10233
8407263,5813,10058
2944833,5814,10044
1802239,5814,10706
9839513,5815,6827
7344784,5815,8417
3010875,5816,6873
6048242,5816,10660
6862463,5816,8321
7880369,5817,10338
1103602,5818,7959
8611504,5819,7969
6725890,5820,7627
3506429,5820,6254
1598747,5821,9085
9333137,5822,9770
8927356,5822,7356
6930236,5823,10496
1318396,5823,9255
1356157,5824,6210
2981027,5824,10793
7300293,5825,9888
5326078,5825,8039
1925066,5827,8233
6324046,5827,7362
1065681,5828,6438
7810370,5829,6041
1711763,5830,8576
6618280,5830,8610
6425245,5830,7233
4948707,5830,6151
4918329,5830,7138
7089378,5830,7112
9348355,5833,6207
6838295,5833,9599
2557606,5834,9854
1972725,5834,8690
3106915,5835,7237
2240454,5835,9025
2107889,5835,10538
9350167,5836,6794
2459971,5836,7844
9417221,5836,6291
4211697,5837,10115
8568914,5837,8479
5961415,5837,6057
5947190,5837,7883
3439688,5838,9803
9609221,5838,7470
2505610,5838,7081
9481538,5839,7451
7854727,5840,9919
8846524,5840,6128
2776489,5840,8819
7010633,5841,7884
5674439,5841,6972
5376754,5841,9162
7978545,5842,8901
4280285,5842,8392
2629688,5843,9562
4182004,5843,9902
6043647,5843,6778
7408537,5844,5969
2607815,5845,7256
9730313,5845,10450
7684228,5845,10790
1852765,5846,8955
8634983,5847,8056
8035429,5847,10191
2083381,5848,9875
4337278,5848,8335
7775934,5849,9455
4482234,5849,9609
3879561,5850,10100
1346775,5850,7459
9659318,5850,6339
2640442,5850,9549
1793719,5850,10125
4215713,5851,8827
9970297,5851,6471
8646177,5852,6403
5867601,5853,9547
9563786,5853,7638
5956248,5853,8099
4042906,5854,7744
1480337,5855,10371
1139786,5855,7092
6111734,5855,10091
5927604,5856,6457
7878239,5856,7956
5999018,5857,6114
8923273,5857,10094
5159348,5857,6405
9827151,5858,6680
4856175,5858,10586
4102371,5859,9832
3967304,5859,8963
9992089,5859,7960
4386675,5860,8653
8468108,5861,9924
8193820,5861,7639
1152034,5862,6212
9754714,5862,6452
7886812,5862,9948
8470695,5863,9337
2061618,5863,8075
7053071,5865,9956
8242814,5866,10318
4698313,5867,6842
6505689,5868,6635
8548976,5868,9678
1886773,5868,6061
5796355,5868,7236
5363755,5868,8241
3583017,5869,7340
3712006,5869,8429
8595933,5870,10495
5887270,5870,8056
7359072,5871,10069
1200564,5872,5927
6563089,5873,7902
2163298,5875,8281
8091438,5875,7298
2651164,5876,6147
8147799,5876,9149
6953552,5876,8634
7967844,5877,8322
5202089,5878,8210
7233692,5878,9299
6972197,5879,6774
8576982,5880,6220
8357028,5881,9929
1192207,5882,9461
8834352,5882,7239
9037639,5882,9295
1590550,5882,6536
1011868,5884,9263
9288924,5884,6898
9400996,5885,8532
5594211,5886,10476
4777040,5887,6666
8466141,5887,7761
1086701,5888,6160
3752855,5888,8279
5549525,5889,8199
8842940,5889,9929
8490155,5890,10270
8882272,5890,8766
8201594,5890,7900
2123308,5890,8032
6110525,5891,9428
9946594,5891,10388
7263878,5891,8897
2268179,5891,10672
1123890,5891,7921
1052992,5892,6301
9549577,5893,7285
3606518,5894,10522
3009660,5894,7683
9779722,5895,6917
8213644,5896,8042
2844192,5896,6109
4971303,5896,9203
2768003,5896,10424
7657658,5897,8154
1377701,5897,8299
3059640,5898,7496
5746537,5899,6192
2894670,5899,8284
2214155,5900,6537
5404718,5900,7692
3861711,5901,6988
4230225,5901,8524
1299945,5902,10392
8797756,5902,6569
4440411,5903,7022
8784278,5904,9117
4876199,5904,7275
9450589,5905,6911
4320366,5906,9175
2702456,5908,6786
7902454,5909,9261
8751128,5909,8008
1692063,5909,9368
2911130,5909,9941
6153996,5909,10472
7926349,5909,8263
6168030,5910,6846
6330908,5910,6842
3171015,5910,9620
7175408,5911,10597
2173307,5912,8338
5880019,5912,9016
3012966,5912,6772
9092289,5912,10590
5375617,5912,6633
1352610,5913,9048
1273150,5913,7168
4142246,5913,7717
6570482,5914,7025
5544395,5914,7166
2304322,5914,10713
8018764,5914,8535
9980602,5915,9321
9340204,5917,5933
8428509,5919,7509
6969883,5919,7944
2025966,5919,8244
4212147,5920,10214
1493705,5920,10301
8148991,5921,7653
3886475,5921,8289
6401832,5922,6305
7040181,5924,8785
9051955,5924,8462
9346699,5924,10105
1696502,5924,7610
6008941,5924,7074
3007967,5925,7616
3322641,5925,7807
2049743,5925,10007
5190355,5925,8279
6274060,5927,7760
3161143,5927,9258
4096346,5928,9613
2048733,5928,9904
4059687,5928,8247
5631766,5928,7564
1695714,5929,8903
9754011,5929,10610
9051863,5930,9906
3135470,5930,6867
5963426,5930,8517
5760205,5931,10508
8553164,5931,9213
3784050,5932,8129
8159944,5933,7200
1843180,5933,10068
1898994,5933,9872
5428920,5934,7180
6647924,5935,7159
2146652,5935,7302
2885767,5936,6245
5595164,5937,6511
1810690,5937,10609
8398191,5937,10105
3475495,5938,8215
4421650,5939,10633
6537860,5939,9164
6514912,5940,8783
7525902,5940,10898
6535026,5941,9546
5435507,5941,9357
7967668,5942,9434
5403784,5942,10385
5304011,5943,9389
9938943,5943,6154
5114610,5943,7627
2715582,5945,10422
6360239,5946,6937
6227452,5946,7400
4738888,5947,10173
9122888,5947,7446
2356435,5947,10912
5399461,5947,6160
7833719,5948,8022
2572612,5948,7871
8394589,5949,6352
3568942,5950,9314
1043405,5950,6579
5762369,5951,8533
6893829,5951,10206
6120531,5952,6563
9000106,5952,9974
8046719,5953,6577
6224756,5953,7516
5910917,5955,6836
1897523,5956,10935
7518675,5956,9539
8159379,5956,7607
4091644,5957,7913
2108591,5957,8221
6784425,5957,6071
3648770,5958,6168
3684837,5958,9500
9797378,5958,7129
8284556,5958,8658
3117009,5959,5989
5042609,5960,7127
4029041,5960,8997
1705725,5960,8491
7751273,5960,10041
2576503,5960,10561
1046520,5961,9900
7015229,5961,6139
1566862,5961,6186
5083699,5961,9449
1694185,5961,7508
3054596,5962,10459
8412402,5963,10351
1344468,5963,8578
9208552,5963,9252
5660313,5963,9260
6648186,5964,8831
7761612,5964,7226
7483098,5966,7432
9386858,5966,6336
9602558,5966,8985
1657772,5966,9683
6319424,5967,8239
2693691,5968,7977
3411933,5968,6506
2833669,5968,7157
1679159,5969,7991
2283248,5969,7035
2091413,5969,8188
5652344,5969,6201
4624581,5970,10627
6751238,5970,8967
8043430,5971,8893
3115197,5971,7744
7720070,5972,8035
7688760,5972,7612
9127907,5973,8067
9035161,5973,6655
1883837,5974,9932
8916217,5974,7633
1753294,5974,10169
4230564,5974,7949
2908047,5975,6216
2174455,5975,10518
2074141,5976,8537
8517615,5976,6443
9266654,5977,8832
9840676,5977,10459
2063943,5977,10198
5200478,5978,8149
8249406,5979,6462
2896402,5980,6919
9714231,5981,7915
7287110,5981,7157
1564587,5981,10696
2040546,5982,8405
9800297,5983,6145
2321143,5983,7000
8653729,5984,8152
1876518,5985,9514
3961451,5987,10355
2753996,5987,9098
1788442,5987,7901
3374628,5989,9400
4898179,5989,10519
8598983,5989,7974
7011810,5990,6946
9366312,5991,6348
7485123,5991,9804
7880479,5992,7657
1217346,5992,7590
3332745,5992,9767
6575406,5992,10610
4778162,5992,6026
7498441,5993,9745
3236756,5994,8318
1411442,5994,8463
1159819,5996,9091
9770570,5999,9002
4587039,5999,10282
1876232,5999,7462
5131838,6000,9009
3229796,6000,8430
6909900,6000,7705
1138292,6000,10030
4286825,6001,6072
9840227,6001,8224
8361462,6001,6156
5290507,6001,10540
8680484,6002,9777
2883995,6002,10824
8358906,6005,10256
8963005,6006,8703
1744881,6006,10069
5707001,6006,8378
4347993,6007,6270
2912128,6008,8373
1755522,6008,10283
8344604,6009,6017
4613528,6010,9687
4559504,6010,8776
6593409,6010,10519
6855463,6011,8707
5044224,6011,7626
8767358,6012,9402
7519684,6012,6995
4652061,6013,7042
3123562,6013,8322
8459807,6013,8972
4303852,6014,6924
5259304,6014,8827
4763438,6014,7971
2005043,6014,7292
5380793,6014,8488
6354198,6014,9968
1810721,6015,10165
9528815,6015,6857
8150771,6015,7766
1234374,6015,8282
8512348,6015,7725
2175349,6016,7512
2452975,6016,10776
8525035,6017,6456
6038094,6017,6548
3906166,6018,6440
1597269,6019,8455
4765702,6019,10266
4713613,6019,8679
2448494,6020,10449
6180809,6020,9439
9257253,6021,6169
7883797,6022,9752
2344391,6022,10910
2575991,6022,10221
4680514,6024,8715
7574379,6024,7748
2030841,6025,10417
2015355,6025,10074
6292070,6025,6039
5080758,6025,7343
6018473,6025,7846
8396913,6026,8683
5021716,6026,10037
6242740,6027,10505
8519318,6027,6715
2200065,6028,10543
9124545,6029,7767
7668773,6029,6872
9227882,6030,10276
8871975,6031,9326
8672946,6031,10740
1255982,6031,10929
7162541,6032,8314
2734463,6033,10919
3195299,6034,6584
8898166,6035,10646
1576786,6035,8383
2023119,6037,7318
1542842,6037,10863
6153997,6037,10972
1437838,6038,7893
6493899,6038,9645
4875032,6038,9824
1176825,6039,9015
6120119,6039,8299
6160001,6039,6255
3524674,6039,7643
8051844,6040,10583
7792897,6040,7262
5514876,6041,8543
9865012,6041,6307
9157148,6041,9711
5309114,6041,8836
3620419,6041,10935
4424512,6042,8068
2615347,6042,6630
1796638,6042,7931
3645249,6043,9464
7517000,6043,9879
6458423,6044,10036
7158135,6044,9246
3560298,6044,10846
1512944,6045,7627
2210310,6045,11042
7418038,6047,9547
7271045,6049,8465
6100069,6049,7421
2354359,6049,8181
3447959,6050,10935
4095107,6050,10782
5371150,6050,10505
2445573,6051,10941
3326369,6051,7146
8815843,6053,7490
8006510,6054,9835
6395059,6054,6626
9478857,6054,8746
9180201,6055,9250
6971470,6055,10457
7844419,6056,8614
2525529,6056,6084
7574367,6056,9066
7712364,6056,8306
7135771,6057,7597
8684127,6058,10223
3129675,6059,7746
9049008,6059,10659
1705514,6059,8872
8757496,6059,9651
4532795,6059,7688
7473104,6060,9767
7747238,6060,6233
8688693,6061,6833
5024598,6061,6569
4139001,6061,8553
1134916,6061,10497
7789242,6062,8579
6287894,6062,11012
1360187,6063,7255
5648365,6064,7672
1247141,6064,8145
2207818,6065,9319
7649065,6065,6624
2739339,6066,9750
8665583,6066,8251
8715834,6066,10007
8268056,6067,8352
3174456,6067,10616
2552443,6068,6079
5484653,6069,10612
6547746,6069,11065
4096958,6070,7552
4711525,6070,9174
4810919,6070,8487
1500432,6070,10507
7626539,6070,6506
5964444,6073,10131
7559046,6073,6843
3874781,6074,8125
2006654,6075,8241
2641770,6075,7454
8492782,6075,6467
1449162,6076,8355
4786433,6080,9273
4555624,6080,7212
1184265,6080,10078
6462209,6082,9549
8727397,6082,8981
6273820,6082,7615
6237048,6083,9189
3954801,6083,8077
9158652,6083,7427
9505307,6085,10838
5052739,6085,9195
3176816,6085,10658
5303810,6086,8436
1101307,6086,10957
3432620,6087,6671
2828171,6087,10975
3227858,6088,10820
3550874,6088,8532
8900211,6089,8136
9522458,6090,7039
7000622,6090,8485
4687326,6090,7622
2859598,6091,10689
8493655,6091,10453
2747928,6092,9684
4427851,6092,9831
7158278,6092,8296
6976181,6093,8742
3758042,6093,8901
2345415,6094,8565
2706122,6094,7267
3439385,6094,10297
3118488,6095,7670
6087040,6096,9495
5593398,6097,7601
9349541,6097,8305
2465535,6097,10230
7833667,6097,8420
2903620,6098,8683
8703609,6098,9116
8781049,6099,9656
7132552,6099,8040
1739007,6101,8658
8789971,6101,7220
3278519,6101,10288
5821557,6101,8479
1512608,6102,7542
7848632,6102,6985
2490379,6103,7795
9233296,6103,10713
9767227,6105,9962
6284432,6106,6539
9861901,6107,10252
3242034,6107,10063
4134444,6108,8833
1193739,6108,8019
9833352,6108,6919
7931363,6108,8703
4203124,6108,9410
2403751,6109,10877
3468161,6110,6596
2273853,6111,6155
7742242,6113,9349
2216479,6113,7566
6973009,6113,9726
1688844,6115,10210
2154144,6117,7380
2454391,6118,8608
2461896,6119,8681
7600492,6120,6160
5493227,6120,11044
8447953,6120,8638
6683786,6121,11053
3033726,6121,9354
3027227,6121,6458
2211625,6122,6131
2796709,6122,6466
7306170,6123,8705
6603854,6124,7262
8295129,6124,7862
1723561,6124,10422
9659774,6125,8327
3790100,6126,8731
8138871,6127,9539
2725563,6127,8172
4873700,6128,7865
8476191,6128,7605
7664212,6129,10508
6783867,6129,10315
5695342,6129,6208
3975651,6130,6339
4870474,6131,7744
1289226,6131,10771
2923189,6132,10213
4003194,6132,10538
4100464,6132,6339
2864650,6133,10517
8393800,6134,8370
3099501,6134,6204
3312602,6136,10980
7687665,6137,7683
5725107,6138,6571
1094583,6138,9299
8689924,6139,7661
7645428,6140,7570
9918696,6140,10558
6513908,6141,8605
7746050,6141,10487
3847446,6142,6325
2236701,6143,7785
5543896,6143,9228
6074528,6143,6891
6545516,6143,7682
3290126,6144,9338
9219287,6144,6219
5641253,6145,7047
7403167,6145,9016
2146497,6146,7198
2777745,6146,7178
7898078,6146,10621
4832504,6146,9102
5837887,6146,6544
8406915,6148,8171
7654632,6148,8807
9361693,6148,10818
4027254,6149,7559
9339813,6149,9437
6193306,6149,6290
4254111,6150,9352
7697543,6150,11058
9141304,6150,6775
3973049,6151,8885
3371129,6152,10804
2656776,6152,8453
6828104,6152,7037
9632616,6152,6711
9934591,6153,7956
1038829,6154,6576
5076848,6155,6593
1691434,6157,9868
5698408,6157,8266
5710565,6158,10320
9507664,6159,7059
2452689,6160,9615
7908214,6160,9915
8542321,6161,8856
8157988,6161,9205
2307283,6161,11120
5919948,6161,9616
1521657,6162,7989
9138037,6162,9381
7882933,6163,10714
6716737,6164,10306
6455201,6164,8779
9751329,6164,10355
4808203,6165,7329
4080714,6165,10683
1378564,6165,8990
1372095,6165,8883
1389349,6166,6320
5405254,6168,8698
9007604,6168,9393
7276992,6170,10550
5395026,6171,10085
8927772,6172,9481
1202366,6172,9847
2258773,6172,9314
5380619,6173,7402
1056934,6174,8737
1158451,6174,6705
7880233,6175,6321
4261515,6175,7804
1057045,6175,8188
4696945,6176,8047
9411764,6176,7624
8070232,6176,9475
6527510,6178,10566
2638274,6179,9364
3523307,6179,8459
7193163,6179,7869
3576671,6179,7877
8373622,6180,6524
6583634,6180,7084
2530535,6182,10873
9177175,6182,10780
9455579,6182,6981
1637281,6183,8111
7513266,6184,6780
3558331,6185,9962
3637080,6185,9135
8273420,6185,7135
9356316,6186,10212
7327293,6186,10038
9562423,6186,10459
9781366,6187,7909
9030876,6188,9040
5646611,6188,9978
5414974,6189,11127
8555691,6189,7140
2151080,6190,9029
7477861,6191,9203
9445198,6191,10433
3046968,6192,9296
3007226,6192,9479
6231446,6192,6551
9962446,6192,9408
5227585,6192,9271
1376252,6192,6215
4175276,6193,8283
6334230,6194,8254
2904525,6194,9758
7518846,6195,7230
6885697,6195,10846
1273115,6195,8725
8705993,6197,7288
3804351,6199,11141
4430355,6199,8692
2266275,6199,8218
2223693,6201,6849
1090360,6202,10116
5254319,6202,6820
8814890,6203,6515
2761549,6203,10288
8679883,6203,8544
4621832,6205,7550
2260690,6205,9061
1030489,6206,8494
2366100,6207,10218
2161512,6207,7994
7666650,6208,7703
5892588,6209,9916
4599997,6211,6354
5684564,6211,7703
2012804,6211,10561
9771585,6212,7426
5797266,6212,9999
7675896,6212,10418
5272298,6213,10007
3178561,6213,10997
3476568,6213,7078
6533280,6213,7763
8636162,6214,10616
8030620,6214,7202
7371408,6214,10049
3206182,6214,6608
3066839,6215,8751
6141835,6215,10466
8584085,6215,6430
4876945,6216,8784
7082660,6216,8997
3539460,6216,6658
5433431,6217,11067
2650014,6219,9157
4971125,6221,10459
9236123,6221,7681
6670191,6221,10810
8221242,6221,6534
9890782,6221,6858
4760924,6222,7991
2086498,6223,8406
3497199,6223,7452
1469906,6224,9946
3442407,6224,9975
3987490,6224,8283
5147468,6224,6540
4168769,6224,9306
4422505,6225,7376
9140847,6225,8089
6460047,6225,7135
5882677,6227,7966
4456793,6229,7704
2895981,6229,8825
4755709,6229,8654
6870126,6229,7270
7759881,6229,10405
8896602,6229,7862
8749197,6230,9887
1965487,6230,8499
8854701,6231,10342
4334069,6231,6266
5979430,6231,6511
3573978,6231,10074
5682532,6231,10688
7650931,6232,9768
2874851,6233,9964
8019269,6233,10462
3255210,6234,6577
3389016,6234,7851
7365172,6234,6351
9006765,6235,9220
5276011,6235,9475
3829897,6235,8999
5384452,6235,9240
9947442,6235,11153
7484773,6236,8267
6474381,6236,7886
5461980,6236,8292
9459842,6238,8202
3560915,6239,10139
8193672,6239,8873
3035201,6239,9971
7888096,6241,10607
4028697,6241,7853
8438634,6241,8184
2891373,6241,10433
8463199,6242,9227
1422889,6243,8244
2602561,6243,9884
8599825,6243,10913
4454071,6243,8744
9641728,6243,8252
9474881,6244,7075
5598856,6245,7795
4079670,6245,9921
8177436,6245,8504
9352349,6245,6834
5836905,6246,7710
6209982,6247,6501
2886009,6247,10191
6704894,6247,7502
4733229,6248,8733
1867244,6248,7441
2884557,6248,9548
4767659,6249,9133
9735285,6250,9367
6450829,6250,10779
3348980,6250,9035
1613249,6250,6794
2863897,6250,8083
3422200,6251,11170
4474515,6251,10668
4103408,6251,10177
1492613,6251,7389
3364195,6251,8367
2379675,6251,10492
4075799,6252,8209
2113820,6252,9999
2959774,6252,6803
7274368,6252,9616
8960618,6252,10497
5163496,6253,8481
9070457,6253,7800
2394018,6253,8509
7032314,6253,8910
7046992,6254,10138
3518362,6254,7599
7593395,6255,10270
9891697,6255,7139
6438147,6255,11085
4542558,6256,8402
4014710,6257,7153
6445990,6257,10358
9336607,6258,7695
7548364,6258,7629
9137737,6259,9665
4715410,6260,6795
6390603,6260,9569
3835629,6260,8419
6456649,6261,9217
2251135,6261,9729
1119267,6261,10122
8943661,6262,8221
6474073,6262,6798
6425816,6263,9526
1714862,6266,7031
6614658,6268,7510
8544694,6268,8365
9201989,6268,9331
3539816,6269,9243
6959199,6269,9950
6768557,6271,6490
2109505,6272,8719
1125927,6272,6386
1245336,6273,8759
5845948,6274,9316
7281151,6276,8583
6412550,6276,7131
1716716,6276,7783
9480531,6276,9807
8994734,6277,9129
6184267,6277,10394
6333727,6278,8623
4106059,6278,9129
9902682,6279,6287
3236764,6280,10006
8913807,6280,7540
8646562,6281,7361
1513416,6282,8058
1485863,6282,10222
9165839,6283,10762
1305288,6284,7054
6384765,6285,9066
7522702,6285,10573
3210368,6286,9977
3511985,6286,10646
8884932,6287,8461
9794238,6288,7419
2915254,6288,8538
7542538,6288,9240
1024654,6289,10661
1811009,6289,10579
3974840,6289,9309
3563925,6289,7088
9348955,6290,9609
9385148,6290,7582
6836577,6291,7415
5688616,6291,8369
8118718,6292,10512
7246953,6293,8895
4539811,6293,10972
5608225,6293,10947
5351604,6294,8783
8927958,6294,10905
5839998,6295,8550
4025933,6296,9159
4476808,6297,9275
5524069,6297,7699
7502374,6297,10028
1542828,6298,7613
3902991,6299,8152
4717286,6299,10555
2179496,6299,9120
6196036,6299,6771
5408021,6299,6741
1447547,6300,9898
2221446,6300,8179
6888808,6301,7271
5977607,6302,9039
3463516,6303,6744
8320985,6303,6570
3930095,6304,7748
8228541,6304,7525
7582734,6305,10601
4292766,6306,10680
1017971,6306,7972
2788906,6307,8629
7495524,6308,10308
7920636,6308,9886
3087623,6308,6923
4868191,6308,6657
4931181,6308,8348
9988292,6309,10861
4263693,6309,11011
5629968,6310,8077
1528152,6310,6582
6742573,6311,6687
5674165,6311,7994
1792442,6311,9870
8893170,6312,7795
3942533,6312,8366
9931530,6313,7431
7154164,6314,11106
6480477,6315,9967
3036348,6315,7149
9670875,6316,7047
4502333,6316,10980
4691573,6317,10565
1279956,6317,10506
6709204,6318,9213
2046275,6318,6741
4543923,6318,9797
1332307,6319,7043
5271159,6319,9279
9669635,6320,11051
1356933,6320,11021
2193951,6320,8550
6677354,6321,7198
7975874,6321,9073
8401245,6322,8593
3864741,6324,10534
4928704,6325,6694
8168704,6326,10125
5563142,6326,9557
8932651,6326,10253
3753985,6326,10428
2351329,6326,6360
3097982,6326,6986
2381798,6327,6386
2464977,6327,8039
9154159,6328,7804
2638071,6328,10407
7455970,6330,9079
8245313,6330,8068
9734473,6331,10780
8527196,6331,9841
7487022,6331,8488
4648649,6332,7248
6946017,6332,9518
9036459,6332,9542
2567255,6332,8521
8867315,6332,9454
8306797,6332,10373
5686343,6334,7353
2189594,6334,7825
2362686,6335,10420
6201875,6335,7826
6702373,6335,6363
6536421,6335,8167
7153213,6336,6884
7368653,6336,9016
5761637,6336,8255
5367582,6336,7719
4899554,6336,6770
9930096,6338,10911
1673503,6339,8323
4736962,6340,10204
3922275,6341,9230
3392237,6342,9161
8790978,6342,8805
4119423,6342,7671
4029743,6343,9028
9260120,6343,8756
8594596,6343,8908
7834258,6343,7280
4006831,6344,11135
7880278,6344,6618
2416052,6345,8523
5783391,6345,10117
6631987,6345,8197
2494036,6346,9081
8591912,6346,7784
9872588,6346,9413
2503087,6346,9249
2849649,6347,9612
1835052,6348,6602
4737982,6348,9994
1622905,6349,6545
8954108,6349,9739
3229286,6349,10322
8500922,6349,7780
1590071,6350,11049
3644351,6350,6739
3384480,6351,6752
6681632,6352,9214
4507844,6352,8789
8334241,6352,9722
9845911,6352,10570
1328359,6353,10921
6465064,6353,7544
6767532,6354,8082
1252957,6354,6655
5984728,6354,10917
7548758,6354,10636
3281397,6355,8704
9014160,6355,6867
3059906,6356,7758
9350469,6356,9215
3070157,6357,9899
7516867,6357,7910
3396349,6357,9237
9903626,6358,7688
5378069,6358,9814
3341234,6358,7098
2998460,6358,10871
8597350,6359,8587
5106450,6359,8823
6908279,6360,10958
8496073,6361,7587
5912598,6361,9650
8275872,6361,8172
9710088,6362,10027
8584149,6362,8206
5590687,6363,6868
2324882,6363,10064
3248743,6363,8424
9821467,6363,9952
7805840,6363,8526
5008403,6364,6900
7831887,6364,8873
6984865,6364,11201
2832393,6365,7458
4637732,6365,11089
5486117,6365,11022
1765213,6366,8961
8887236,6367,8927
9820141,6367,11285
6240299,6367,10252
3045696,6368,7583
4610553,6369,8223
1776663,6370,10863
2831416,6372,9104
1803469,6373,7292
9060450,6373,6962
4811577,6373,8646
6124228,6375,10624
4438192,6375,8419
5098976,6376,9845
9727996,6376,9451
8500346,6377,6455
7560833,6378,10459
5202339,6378,10156
9657816,6380,7876
2626471,6381,8810
8301831,6382,7079
9452597,6384,7337
9227781,6384,9122
4423687,6385,9160
5304333,6385,9887
6698097,6386,10670
6580486,6387,10626
8426270,6387,9280
3867836,6388,6937
5060229,6388,9488
3979330,6389,6638
9814946,6389,9715
9833888,6390,8956
5532297,6390,8126
9632840,6392,8468
7735769,6393,8617
4508042,6393,9734
8459490,6393,11305
5088080,6394,8860
3877516,6395,10095
2581577,6395,10002
7503226,6395,7020
2946456,6396,6965
5010867,6396,10193
8259174,6396,6483
8867171,6397,7339
9671209,6398,7486
6324709,6398,10575
9518579,6398,9545
8050425,6399,9141
7743827,6399,7343
1851447,6400,7567
8952272,6401,9088
1725624,6401,9073
8283233,6401,6730
9263472,6401,11242
7432838,6402,10770
8539727,6402,7666
7088628,6402,7481
2089500,6403,7268
3897017,6403,6942
1116409,6403,11270
9637910,6405,7147
6836717,6405,9921
5942937,6405,7507
4316769,6406,6470
9235735,6406,9325
2365972,6406,6767
5214870,6408,7134
8639441,6408,8300
5219554,6409,9873
1009981,6410,9014
5767400,6410,11298
4856693,6412,7341
5398192,6413,8705
3837089,6413,8357
6128001,6413,10726
4280192,6414,10849
9869064,6414,8916
7427685,6414,7606
3552359,6415,10697
9864479,6415,7069
7584919,6415,7852
1505450,6415,10207
8683959,6416,7389
2279722,6417,8537
9666527,6417,8893
5570047,6417,6423
2968756,6418,7998
5233936,6418,8857
9012002,6418,9293
6058627,6419,9455
6971299,6420,11154
5634538,6420,7769
3756132,6420,7282
2619668,6420,11395
7856294,6420,9174
7858248,6420,7950
8197556,6421,7484
1410445,6422,7781
7962572,6422,10753
3236105,6422,10991
2246002,6423,7194
2510364,6423,11168
1321705,6423,8352
7031776,6423,8700
3097852,6424,6450
4039868,6424,8542
8058637,6425,11002
8683261,6425,8012
2274130,6427,6700
8151039,6427,7193
6949036,6427,8560
6569846,6429,7563
2585080,6429,8474
5155906,6430,10810
2110063,6430,10412
6776854,6430,11371
5874097,6431,11033
7938083,6433,10925
1452511,6435,8600
7672750,6436,9378
6445433,6436,9919
8782929,6437,9604
8597720,6438,10765
2172250,6438,8628
9894322,6438,8017
4940066,6438,10827
6414314,6439,8554
7932919,6439,8964
6773420,6439,10260
8681512,6440,11438
1421928,6441,8402
1642147,6441,11153
2950514,6443,8329
4466247,6443,10506
3329442,6443,10735
7865644,6444,10878
6877150,6444,8094
7174377,6445,7362
6881258,6446,9639
8399620,6446,11332
4529684,6447,10210
7258347,6448,9476
9089869,6448,7322
9273678,6448,10156
4612377,6450,11161
3987569,6450,8194
8191090,6450,10870
1479937,6451,7560
2968320,6452,10957
3563005,6452,11288
7721332,6454,10553
5449905,6454,7447
1685476,6454,7539
2304627,6455,9286
3858216,6455,7909
1852727,6456,9418
3111565,6456,7653
9466995,6457,8910
2470749,6457,10514
2758415,6457,11041
9597722,6458,6768
7377751,6458,11085
4251205,6458,8008
3777871,6459,8959
9878262,6459,8260
2794764,6461,10974
3624905,6461,10819
9697833,6463,7966
8330744,6463,9596
7001281,6464,9385
3727746,6464,10930
9741385,6464,8455
4580992,6464,6701
1861237,6467,11039
7719278,6468,9768
4405042,6468,11092
8448456,6468,9039
6872612,6469,8198
6282142,6469,11347
7107194,6469,8726
5456020,6470,10414
1472725,6472,6637
9675704,6472,9021
4937641,6472,9560
7969807,6472,8168
4533576,6473,7276
7128226,6473,10471
1599828,6475,7922
5801654,6475,7363
7670471,6476,6504
8223736,6476,10974
1876572,6476,8197
1832726,6477,11316
9019859,6477,10218
9178262,6477,7333
4344192,6478,10182
7467740,6478,10632
8540737,6478,10613
4745359,6478,8748
9942061,6479,9041
4004366,6479,8893
5907815,6479,9072
2817384,6480,9814
7473976,6480,11132
8823656,6480,9988
4632197,6480,11148
7929760,6480,6941
2801871,6481,7023
5843719,6481,10679
6203485,6481,9895
1298806,6482,10403
7733226,6482,7568
6056523,6482,10254
3227323,6482,6844
9214567,6483,10124
1829996,6484,6853
2396759,6485,9731
5341152,6485,9436
3470689,6486,10321
1252220,6487,8672
6659291,6487,6564
7809343,6487,10908
5270516,6487,11191
5061982,6488,7501
8642373,6489,9939
3669727,6489,10633
2843013,6489,7901
1723976,6489,11424
8259666,6490,8357
4013648,6490,8816
3438577,6490,7497
8344346,6491,9721
9466129,6491,8028
9785860,6493,6699
4903421,6494,7888
4078417,6494,10695
9638122,6495,8203
7615773,6495,9581
9831921,6495,10652
6301643,6496,9487
3318785,6497,9124
3980857,6497,11106
3018055,6498,8978
1415830,6498,10551
4231620,6499,11326
9787144,6500,8634
3367340,6500,9782
9091086,6501,7336
4832262,6501,8124
1471287,6503,9028
2567628,6503,9359
6949610,6504,7763
1410952,6504,8629
6368461,6504,7014
8219050,6505,10409
3420349,6505,6620
8597591,6505,10506
4397012,6505,8835
3505536,6506,9126
2405790,6506,8704
2106735,6507,10223
6178086,6507,11367
3041859,6507,10762
6456885,6507,11466
7000554,6507,6706
4250937,6508,11079
5706357,6508,10035
9135624,6508,8477
3210399,6509,9239
5577505,6509,7023
1655078,6512,6717
5094392,6514,8836
8951439,6515,6640
1823902,6515,8476
5247697,6516,8830
1952080,6517,11394
9924486,6518,9177
4326806,6519,10141
9939154,6519,11347
3430109,6520,8642
4156951,6522,8081
8969054,6522,11246
6948232,6522,8200
9490092,6522,11442
7641804,6523,10624
3571051,6523,7150
7255520,6523,11157
9273025,6524,10267
3490521,6524,11167
9559693,6525,8562
6784583,6527,7620
7549590,6527,7277
3122423,6528,10872
7771446,6528,9601
5888271,6529,7154
7066537,6529,11201
5636181,6529,9505
6062041,6529,9995
3617118,6530,10857
1262178,6530,7580
8584026,6530,10810
9538358,6531,8724
9889735,6531,8121
4721786,6532,10748
8685194,6532,11298
9284122,6532,8060
8209844,6533,11158
1153189,6533,7289
5924408,6533,7469
6044954,6534,9789
1411028,6535,10582
3484789,6536,9961
2972887,6536,10043
9075715,6538,8041
7916813,6538,10039
9659477,6540,11463
7949039,6540,9782
2491580,6542,9607
2899706,6543,8152
9393582,6544,6674
9281065,6544,11263
8383017,6545,11143
2965240,6546,7775
6068470,6547,10984
7915922,6547,10057
3661029,6548,11501
2136758,6548,8438
6149347,6548,9770
1183371,6548,11211
6094371,6548,8341
7538406,6549,8905
8616028,6549,7721
5569956,6549,9060
9813422,6550,11214
6785750,6551,9965
1409155,6552,9776
4116705,6552,9081
5863568,6553,8255
3605976,6553,7056
5247098,6553,10652
3754567,6553,9350
8126019,6554,11223
6640255,6555,9411
2817848,6555,8862
1803776,6556,7238
4009307,6556,9202
5186962,6557,7973
9895203,6557,11063
8886665,6557,11098
3331174,6558,9330
7328429,6558,11439
8914411,6559,9490
2785248,6559,10734
2623158,6560,10320
8894150,6561,10636
4390250,6562,8952
4220371,6563,10613
6898858,6563,9481
5676124,6564,8864
2512394,6564,11312
6639674,6565,6874
1930598,6565,8294
2627358,6565,7835
7084229,6565,11021
1575188,6566,7849
5854214,6566,9698
7822364,6567,9422
6375137,6568,9932
9505440,6568,8619
7860686,6569,8844
5778801,6569,7960
8198656,6570,8667
1334049,6570,11139
7397975,6571,9156
8564727,6571,7512
1454972,6572,8339
6590972,6572,8571
8047155,6572,7986
1833304,6573,9062
1766740,6573,10472
2288584,6574,9205
6638934,6574,7675
1820608,6574,9326
7154997,6574,10981
6194771,6575,9989
3575047,6575,9328
5788718,6575,7113
5725852,6575,9872
1602175,6577,6872
2722343,6577,8912
9651650,6578,8178
1346812,6579,7161
9070546,6580,9133
6291865,6581,8708
8288142,6581,8647
6931941,6581,8448
9850556,6581,8832
9829521,6582,7774
2699172,6582,10791
2313336,6582,11538
6108262,6582,11473
6371066,6583,8667
5202182,6584,6962
9715455,6584,10023
7381952,6584,8364
2265877,6584,8446
5719255,6584,9919
4723185,6585,7774
4251206,6585,11133
6012398,6585,9825
3714779,6586,7737
9120542,6586,7146
2433947,6586,8765
6306199,6588,9114
1453171,6589,8834
2450351,6590,7874
6217893,6591,10433
3963121,6591,10927
4524606,6592,8541
7580574,6592,11115
3150322,6592,10115
3486259,6592,7881
7374520,6592,8215
5423896,6592,10169
5520063,6592,9050
3768979,6593,10840
1894903,6594,7935
3305939,6594,8320
1459310,6595,9009
3413767,6595,8626
7463614,6595,10934
6599854,6595,10595
8823341,6596,10156
8407364,6596,8272
4567865,6597,9972
2215939,6599,9104
5264900,6599,9182
3959036,6599,9692
3226049,6599,6996
9469894,6599,8097
5990064,6599,9201
7176503,6600,9152
5405552,6600,11397
2859467,6600,7519
4992069,6601,9243
1522218,6601,7667
6378653,6601,6693
4649660,6602,10424
6696871,6602,11229
5369509,6602,8635
9779016,6603,10833
5532379,6603,9831
7357692,6604,11473
4955604,6604,7839
7617595,6604,6898
9594323,6605,7540
4234247,6605,9431
4975648,6605,9219
4940481,6606,8259
9491162,6606,9965
2441838,6607,10413
9714062,6607,9108
6650109,6607,6715
9885094,6608,10093
2268608,6608,9933
5588651,6608,8388
7921215,6610,8284
6315692,6610,9641
5590403,6611,10923
3439828,6611,7855
6736600,6611,8421
1918458,6613,7407
9760592,6613,9937
3224435,6613,11199
9870512,6613,8322
6902936,6613,8157
3447680,6614,7504
2850236,6614,8863
6656986,6614,11132
6924341,6615,7204
6787279,6615,10827
7579897,6616,10645
3984257,6617,6733
1886974,6617,11363
1397233,6617,9204
4789822,6618,7881
4198459,6618,8594
3825963,6619,9965
7630854,6619,7412
5838839,6619,9444
7663064,6619,9743
9714729,6619,11369
9724899,6620,10448
3527283,6620,8824
7284818,6620,10452
9892141,6620,11044
3271345,6622,8054
1502805,6623,7209
4368009,6624,7536
2774878,6624,10861
8501871,6624,10473
8452331,6625,10989
3958367,6625,9574
9297863,6625,6991
4344291,6626,11620
8024475,6627,7088
2548214,6627,6711
2026186,6627,10277
2604251,6627,6710
3347264,6628,8626
5448328,6628,9138
2142046,6628,10200
8349655,6628,8413
9788157,6629,7186
3198344,6629,6861
5872865,6629,8126
1710587,6629,8659
7347689,6630,9845
9205270,6630,8850
7802457,6631,7684
7166848,6631,9246
7186033,6631,10641
7287595,6633,10711
3845779,6633,9757
1597208,6633,8166
1766642,6634,7310
7604592,6634,6906
6535425,6634,10919
9259537,6635,7636
6163817,6635,10598
7177612,6635,10048
1000684,6635,9793
1042845,6635,10793
4768334,6636,10736
9869480,6636,8922
1141251,6637,8070
7550765,6637,7664
7804468,6637,6820
1458245,6637,10039
3105982,6638,10257
3273533,6638,7751
7521781,6638,8851
8847292,6639,9738
1312530,6639,8811
5512398,6639,10035
7681130,6640,8682
8456167,6640,10608
2456622,6640,9995
4928745,6641,6994
2237963,6642,7573
1707882,6642,11400
9555867,6642,11479
5359603,6642,9522
4760509,6643,6845
6306976,6643,7131
1339113,6645,10417
2705217,6645,8903
1029602,6645,11354
8656091,6645,8397
8051153,6646,11359
2363960,6646,11024
6787939,6647,10781
3218398,6647,10597
9746303,6649,8108
9124473,6649,11396
4298156,6649,7263
1447377,6649,8276
3533808,6650,9964
3487987,6651,11485
5935787,6651,6913
3948496,6652,6799
8848039,6652,11037
2253518,6653,7825
5181931,6653,7475
3552491,6653,7083
7821468,6653,8330
8712608,6653,10918
4115324,6656,11532
9554301,6656,7845
9839811,6656,8801
4357454,6658,7191
1719803,6658,10427
3913308,6659,8582
2546042,6660,10020
1386684,6660,6769
6191744,6660,8153
4216716,6661,8505
3092050,6661,8122
1977473,6661,8042
2833170,6661,9316
4666541,6664,7351
6007850,6665,9130
3773539,6665,8937
2021516,6666,11603
2174686,6666,9753
4909749,6667,11547
5815691,6667,9510
3517224,6667,7407
8692052,6669,7433
6738210,6669,8428
6936592,6670,10097
7426391,6671,9711
4737277,6672,10135
2864207,6672,10358
3413023,6672,10361
8920074,6672,7247
8133870,6672,9770
5902138,6674,8841
7693256,6674,9308
4400498,6675,8770
8259429,6675,8658
8679611,6675,7743
4974311,6676,9977
4537631,6676,7367
1437939,6676,10838
5702473,6676,8189
2084103,6677,9009
5233501,6678,10549
5552608,6678,10019
2328514,6680,8940
1845895,6680,8700
7468713,6680,7036
8917660,6680,8041
7291488,6680,7362
3104876,6680,9401
3179399,6681,10483
8172173,6681,9749
6243927,6681,11425
8333920,6681,7928
8842046,6681,8582
6040434,6682,7005
3984305,6682,9379
4663527,6683,11105
2987278,6683,9064
2037656,6684,8868
1476309,6684,10307
4360045,6685,6956
4796791,6686,6723
2209010,6686,11318
4311847,6687,9776
1289244,6687,7264
9384915,6688,7663
9263396,6688,9650
1633250,6691,7862
3095050,6691,8951
6221639,6693,8717
4351401,6694,7342
3896231,6695,11580
3287632,6695,8879
3814848,6695,7100
5204825,6696,11614
9471999,6696,10057
4555193,6696,9545
5370960,6697,8025
3570379,6697,11324
7067816,6697,8053
4622130,6697,10968
5521629,6698,6842
9627653,6700,9862
5970122,6700,11213
2412181,6700,6935
5168337,6700,7218
6542198,6701,9594
3814043,6701,7997
6589932,6702,6785
2736226,6704,8203
8402676,6704,10432
6290324,6704,11472
1593891,6705,11257
1945491,6706,10354
3360396,6707,7414
4005552,6707,11185
1469911,6708,9257
3834872,6708,11072
6887109,6709,8971
5261611,6710,9458
1904404,6710,9518
3030073,6710,11307
8145597,6710,10510
6229945,6711,9610
3510168,6711,8691
6493004,6712,10708
3308711,6713,7757
9620726,6713,9876
2325390,6714,8340
3337152,6714,10600
5112232,6714,11668
7777676,6715,8427
1146098,6716,6950
3618275,6716,7682
8250702,6717,9141
4333267,6717,11472
4830063,6718,10614
6070188,6718,10769
6207151,6719,7182
1036143,6719,9306
3827859,6719,8523
7853708,6720,10617
3587959,6720,11266
9475727,6720,9440
4064114,6720,7962
9682676,6721,11233
9521934,6721,7318
5888757,6722,7964
1039682,6722,10754
4496489,6722,9807
9939423,6723,9749
4027282,6723,10449
9370324,6723,8166
6349356,6723,10785
6066924,6723,9817
7386005,6723,11156
5238403,6723,9422
5002704,6724,11610
4664172,6725,7930
7542346,6725,7674
8223657,6727,9076
7095627,6728,9542
6366568,6728,8947
1981700,6729,9396
2394146,6729,8279
7086691,6729,7445
2495329,6730,10033
3006484,6730,10054
9216884,6731,7891
8958594,6731,6845
3106875,6731,8279
2466272,6732,8690
6929818,6732,10431
8353411,6732,8351
1691519,6734,11500
3539534,6734,10827
5343866,6734,11630
9748046,6735,11370
7958829,6736,10701
3651256,6736,8355
4305194,6737,9672
3051830,6737,11149
2927281,6738,9244
5077118,6739,7945
6530546,6742,8548
9717756,6743,9146
2559820,6743,8943
9238311,6743,11498
5405482,6743,9472
8135749,6744,6960
4381844,6744,10131
6550636,6744,9761
7233291,6744,11219
7760688,6744,9506
3634478,6746,9137
3361161,6746,8697
5290249,6747,8779
8298461,6747,9981
5037890,6747,10012
7740299,6748,11123
9346617,6748,10199
4344695,6748,11394
7994483,6751,11229
1892493,6752,7071
8042456,6753,10425
1068898,6754,9298
5495156,6755,11699
9017329,6757,8515
8545002,6757,8581
5061695,6758,10425
3357663,6758,7327
6303773,6759,11132
3524141,6759,7139
2625965,6761,7000
7681616,6761,7386
7914527,6762,7729
7731868,6762,8099
2176751,6763,9104
4652476,6763,7177
5639049,6764,11226
9929021,6765,11350
8020799,6765,8660
8572775,6765,9301
8082273,6766,8008
8800430,6766,7623
5632979,6767,9697
4752397,6768,10535
7874031,6769,9716
5852093,6769,9889
2896013,6769,8167
7357137,6770,8783
5580823,6771,11374
8429328,6772,10211
2998766,6772,11690
4370309,6772,7952
7745350,6772,8278
2700091,6773,9522
7844123,6773,11602
2465965,6774,9966
2827394,6774,11029
1969912,6775,7570
6913892,6775,7922
9290077,6775,10774
1147558,6775,8364
9827375,6775,10810
3597690,6776,8945
3389316,6776,11059
2928725,6776,9362
2245623,6776,7612
2944856,6777,11727
5983397,6779,11486
6359597,6779,8862
9350447,6779,8842
7843652,6780,8426
1372647,6780,7160
3069572,6782,7604
5484549,6782,8583
5292338,6782,8445
5839836,6784,7242
7560956,6786,11437
1869627,6787,10323
9118286,6788,11452
6318147,6788,6902
9595502,6788,9242
6567437,6789,10899
2710929,6789,11723
5509075,6789,10176
7060014,6790,9570
9344538,6790,9259
6857900,6790,11193
6070435,6791,11645
5973667,6791,7461
8211877,6791,10578
6428187,6792,7696
2903905,6792,11724
9059874,6793,7440
4821178,6793,9629
4315719,6794,8890
6997850,6794,10997
1888280,6794,9368
2042886,6795,7378
7702534,6795,8617
1579888,6795,10050
7890984,6796,10508
9692471,6796,8731
5434359,6797,10742
1179845,6798,10722
3881819,6799,7367
4256855,6799,8005
5061855,6800,10132
8233254,6800,10266
9966007,6801,8034
9469976,6801,9198
4087514,6801,10402
2830378,6801,9427
2479990,6803,8092
4654111,6803,10425
1703207,6804,8511
7936087,6805,8919
5289096,6805,10767
7966310,6805,8235
8669187,6806,8791
7868581,6806,8330
9934997,6806,9562
6711657,6806,10531
9082368,6806,7679
8736669,6808,9907
4073602,6808,8841
6191545,6810,9057
3046948,6811,7437
8959171,6811,10914
8338406,6812,11645
9477367,6812,10002
8136643,6812,7197
6364489,6812,10963
9248973,6813,11594
2791146,6813,7108
2586955,6813,10078
3194019,6814,10704
4855450,6814,7432
7694356,6814,7411
5758686,6814,11111
3203979,6815,11739
8647643,6816,11231
8235593,6816,9881
4871960,6817,10221
9188483,6817,8911
3821257,6818,9927
9608476,6819,8698
5907763,6820,7772
3697212,6820,8976
4666938,6820,9399
1816007,6820,10115
7219918,6821,11351
4953771,6821,7068
4859206,6822,9454
3995809,6822,7219
5564183,6823,9507
5941959,6824,11233
2675704,6824,9745
9457812,6826,11043
9160317,6826,9946
2113197,6828,11824
8423601,6829,10171
3898828,6829,11545
6938765,6829,10348
9774687,6830,9680
4198590,6830,11291
7419915,6831,10938
7967286,6831,9642
1119783,6831,6942
4284062,6832,9225
4069715,6832,8509
2838167,6832,9995
7955346,6834,10004
1781993,6834,8764
2104817,6835,9710
9783052,6835,7264
9654879,6835,10739
5372445,6837,10191
8627729,6837,8715
9353842,6838,11239
8865306,6839,7368
8136577,6839,9518
5693324,6841,10775
1361310,6841,9139
2324403,6843,7912
2360970,6843,11297
7611925,6843,6954
2762337,6845,11826
7195855,6846,8521
7641955,6846,11586
4469849,6846,9179
1781506,6849,11726
1664537,6849,10149
1535601,6850,11181
3509364,6850,11596
8660676,6851,9387
7700219,6851,6981
8664760,6852,8050
1563717,6852,9175
8209767,6852,10121
2562132,6854,10236
1703444,6855,10882
4584466,6856,8424
8942521,6856,8862
6283662,6856,6896
3903549,6857,11276
2595583,6858,7347
4755794,6858,7633
2082426,6859,11623
3116239,6860,10898
5806219,6860,11639
3266742,6860,10568
7443562,6863,10581
8544128,6863,7947
8207070,6863,11772
5269624,6864,7027
1833474,6864,10069
3302695,6864,10113
9555757,6864,11227
5174673,6864,11063
7884236,6865,7873
8055365,6865,10367
5055535,6866,7943
7254857,6867,10553
2199009,6868,10750
1497458,6868,7182
3592791,6868,7621
6876288,6869,10818
3108432,6870,8115
3370573,6871,8996
1839547,6871,10658
6670965,6871,9252
5419520,6872,10964
8835936,6873,9956
4807762,6874,8665
8093727,6874,9740
7626447,6874,7732
1758594,6875,7899
7423744,6875,7540
1365889,6876,8292
8707677,6876,8543
8005274,6876,10999
4396301,6876,9669
2054967,6877,10084
7610538,6878,11649
4285089,6878,9215
6167381,6878,9800
2963642,6879,11018
6136854,6880,11836
6917424,6881,8496
9816802,6881,7526
7492814,6882,9566
3793768,6882,9496
7422710,6883,9356
6473762,6883,8591
3028269,6885,7496
2074766,6885,10792
2297342,6886,9905
5079032,6886,8987
3781912,6887,10065
5123740,6887,9164
3031512,6888,9803
6214192,6888,11085
4798001,6888,8533
6177232,6888,10461
5361415,6889,8251
6445816,6889,11775
3074916,6892,7269
3736145,6892,8624
1409717,6892,10752
6576476,6892,11812
1959571,6893,10403
9997332,6893,11210
5644356,6895,10291
3599985,6895,8124
2953590,6895,11384
8644359,6896,10158
4669527,6896,8698
3679272,6897,9766
2492816,6897,7695
7477796,6897,7635
9873256,6897,9234
9109595,6898,9904
9718832,6898,9163
1192216,6899,10808
5890935,6899,8690
2367821,6899,7957
5010648,6901,8168
8876696,6901,11766
9316683,6903,9311
3570697,6903,11115
8466303,6903,8854
4489900,6904,7990
1095022,6904,10858
5030463,6904,10088
3033238,6906,8867
7022309,6906,9376
5475118,6906,10230
6807186,6906,8145
8749452,6907,8875
4575574,6909,11046
6504062,6909,9550
7639378,6910,8204
1343163,6911,7422
9740912,6911,6973
3634352,6912,8649
9750290,6912,8684
5368472,6912,7974
4379430,6913,7128
7448772,6913,11139
1067501,6915,11059
6640974,6916,9558
5333009,6916,8791
1124603,6916,9736
8123986,6917,7984
4359284,6917,9249
8322293,6917,7524
3340660,6918,8036
2719286,6919,9754
5987054,6919,10691
2086245,6919,10048
1326071,6919,9571
4921740,6919,8260
2564068,6921,11712
1621367,6921,9910
4449195,6923,10914
1231473,6924,11383
9924549,6924,8816
3964250,6924,11472
9222225,6924,11246
6873254,6925,10210
6454480,6926,10489
2397507,6926,11175
3498669,6926,9680
6420080,6928,11363
6140060,6931,11509
3993609,6931,9357
7516642,6931,6997
8790028,6932,11855
4103645,6932,9051
9092593,6932,11422
2557227,6934,7772
7448533,6934,11557
2488066,6935,8595
1884766,6936,10765
3753083,6937,9437
7866138,6937,9900
1712520,6937,8449
1418666,6937,8875
5473321,6939,9139
2388648,6940,8831
6912409,6940,11317
3959718,6941,11365
8877862,6941,8489
5336845,6941,11413
2416904,6942,8212
4682312,6943,10224
7517989,6943,8756
3518798,6944,9663
5168153,6944,8366
9643489,6945,7369
7076278,6949,7554
8437957,6949,10714
1217792,6949,7986
7627169,6950,11601
2231598,6950,9733
2451033,6951,10289
9064913,6951,11581
5223802,6952,10888
5721525,6953,8335
8709234,6953,11588
7877897,6953,8951
5860892,6954,8514
3691388,6955,10553
6573062,6955,9508
4415973,6955,10183
3318844,6955,7421
5805495,6955,8865
6291437,6956,7110
7557377,6956,11656
2946188,6957,11335
4557548,6957,7271
7354221,6957,9081
7554114,6957,7061
4056934,6957,9153
6130004,6958,11417
9047449,6959,7272
3076021,6959,7192
1154571,6960,11310
3913350,6960,10110
8121662,6960,8901
8519895,6960,11091
9641896,6960,11514
6264816,6961,9875
9515873,6961,8737
3402163,6961,7368
2439071,6962,7425
8910318,6962,8553
5777163,6962,9385
5688883,6963,9328
7409101,6963,10222
1632059,6964,8633
5681704,6964,7650
7734656,6964,8320
5692031,6965,7328
1374622,6966,11802
3925875,6966,11682
5193070,6967,11158
5292064,6968,9087
7788550,6968,8832
7505555,6969,8349
7819085,6969,7667
9208726,6969,11624
1857424,6969,11387
8758088,6970,7742
2157494,6971,8125
8803579,6971,8357
6663658,6971,11096
5636413,6972,11375
1063373,6972,8177
4183098,6974,11070
5271651,6974,10239
9373471,6974,10943
6958982,6976,9895
5264391,6976,11880
5406018,6976,10518
4496605,6976,11854
9849531,6976,8177
2560912,6977,10765
3942585,6977,9571
1765792,6977,11014
6399284,6977,8094
1554742,6978,8541
6790213,6979,11019
2933768,6979,9007
1324026,6979,9679
2890004,6979,10257
4697721,6980,7760
1456215,6980,7247
5813980,6981,7108
2523436,6982,8355
7211656,6983,10371
1458051,6983,7424
6969736,6983,8432
8961274,6984,9361
2713533,6985,11163
9813095,6987,11310
2999497,6987,11459
7305384,6988,9852
8320859,6988,7680
1068900,6988,7768
9759246,6988,10461
6325757,6989,10333
5567915,6989,11057
7339997,6990,8532
3210579,6993,8443
8015059,6993,7881
3701566,6993,10392
1702219,6993,9398
2322953,6994,8489
5008692,6995,11656
7315869,6995,8494
7872615,6995,8016
8965258,6995,7200
3898213,6996,8916
4099562,6997,9860
7298606,6997,11432
7355716,6997,7285
9714905,6998,9282
4372174,6999,11122
1246944,6999,9010
8007542,7000,8374
6722624,7000,11674
1068480,7002,8873
9705515,7002,7628
1510414,7003,8540
9666077,7004,11792
6940873,7005,8500
2185182,7006,7700
9116206,7006,9885
7397345,7006,9431
2925080,7006,11367
3446507,7006,11993
7138063,7007,11729
3736541,7008,11181
5670320,7008,9842
1006659,7008,11754
8992567,7009,8594
9484360,7009,7816
1002150,7011,10043
8468241,7012,9484
9707695,7012,8822
3388338,7013,9644
6498404,7013,10551
1473376,7013,11150
6763702,7013,7365
1555748,7014,7854
5640548,7015,9941
7932559,7015,11376
4975497,7015,8487
3498112,7015,8585
5951691,7015,8217
6353135,7016,10920
4962599,7016,10066
9412867,7016,7481
7762225,7018,11683
3989142,7018,11708
7758035,7018,7186
1458037,7020,7715
8187330,7020,11304
5871949,7021,9033
9030256,7021,8058
1863363,7021,11052
3156173,7021,9565
7587748,7023,7651
5481751,7023,8492
9229546,7023,9253
9096593,7023,10977
8657509,7023,11992
3739287,7024,9849
3089382,7025,9467
5576693,7025,7772
5371739,7025,9472
9692052,7025,7538
3993666,7026,9099
5431217,7026,11700
2299698,7027,8851
4313905,7027,8117
6353974,7027,7656
9624109,7028,8278
1484743,7028,7880
3781389,7028,10235
6170493,7028,11635
2150826,7029,9352
9929424,7029,9166
4544943,7029,9780
6156527,7030,7214
1763202,7031,10312
3434056,7031,7734
1923240,7031,7970
5627165,7031,9110
3180462,7031,11831
1020064,7032,8205
3730260,7032,8560
4951018,7032,8148
3173571,7033,8561
1165642,7034,11135
7583982,7034,11944
7336236,7034,7213
8432807,7035,7233
1887358,7035,8229
6298656,7035,8290
7582523,7035,11373
4792209,7035,7772
9535775,7035,9196
2399383,7036,9937
4837052,7037,11235
1110695,7037,11753
4075228,7037,8953
9168626,7038,11480
7103516,7040,8274
9252572,7041,10722
7300224,7041,10841
8130923,7041,11948
4351099,7041,7904
3882205,7042,11530
5812507,7042,9178
1974301,7043,9075
9935458,7043,10382
6404743,7044,11002
2551776,7044,8304
2178793,7045,11839
3312496,7046,8500
7367399,7046,8272
7621775,7046,8866
6166879,7047,10308
3407169,7047,7888
1921355,7049,9204
5429017,7049,10709
1945313,7049,9186
4630103,7049,8754
5289408,7052,11798
7767869,7052,12052
6857148,7052,7705
4668606,7052,9809
5287313,7053,7690
4641374,7053,9473
4829106,7053,10286
8010492,7053,8064
6826370,7053,10213
3061122,7054,11927
2495322,7054,11030
9333378,7054,11571
9876545,7055,7209
3805732,7055,10065
1076976,7056,8960
1576134,7057,8424
7221778,7059,7672
1950406,7059,9373
8474845,7059,11830
7677474,7059,8392
3957841,7060,9877
9261135,7060,8453
1465303,7062,10908
9652620,7063,7330
5528428,7063,8875
3794891,7063,7857
9214129,7064,10720
9957668,7064,8159
2583128,7064,11208
7423826,7066,7921
7752968,7068,11918
2740139,7068,7118
6505818,7069,10017
2106045,7069,9213
6613142,7069,9437
7964095,7070,11085
5309178,7070,8740
4231764,7070,7779
6568426,7071,8827
9894710,7071,8702
8430106,7072,8990
2163519,7072,7823
6561882,7073,10502
6137964,7073,11321
4732941,7074,7922
8023467,7075,9138
8393501,7075,7756
3959923,7076,7662
3487574,7076,9886
9407218,7077,11428
8885022,7077,9268
2681554,7078,10054
9811212,7078,9848
9043299,7078,7760
9457699,7079,9678
7412907,7080,11229
6295061,7080,10815
9431196,7082,11023
6289782,7083,8501
4230110,7083,10059
1587634,7084,7096
1935967,7084,7767
8064170,7085,9876
1161143,7085,11938
2564964,7085,8519
8953205,7086,11596
6207698,7086,7223
6324366,7087,7999
8031582,7087,9767
1027953,7088,7775
9118547,7089,9167
5843218,7089,9631
3936237,7089,10012
8029594,7089,9426
9814246,7090,12033
2394754,7090,11388
9707647,7091,7904
5797636,7091,10706
2574411,7091,9449
1496617,7092,11063
8588976,7092,7520
1039087,7092,8850
7364707,7092,10970
4381251,7092,10991
7231175,7093,9049
2704390,7093,8671
8805372,7094,11716
7419621,7094,11505
8997631,7094,9411
3788908,7094,8677
8763417,7094,7210
7532098,7095,8971
8981871,7095,11943
6653936,7095,11690
1784727,7095,10163
6327970,7095,10362
4726206,7095,7888
5978590,7096,10324
6073225,7096,8466
1509748,7096,8785
8500881,7096,10469
5835409,7096,11941
6159717,7096,8701
1248912,7097,8909
4143305,7097,7231
5374389,7098,11869
5719861,7098,7893
3289487,7098,8432
1309457,7099,9773
1299619,7099,8911
7585277,7099,7101
6051388,7099,7832
4309623,7100,8149
6017574,7101,9901
3345415,7101,8458
9735873,7101,7132
5328261,7102,7793
9308733,7102,11489
6893375,7103,9057
8790211,7103,10190
1586089,7103,10817
6645973,7103,10543
7495899,7104,9110
6819052,7104,10201
5708388,7104,8982
2207238,7104,10393
2401230,7105,8807
8368047,7105,7915
3072599,7106,7763
2858620,7106,8231
5689892,7106,10796
9578918,7106,7685
7359482,7106,7427
6040221,7107,7586
5712715,7107,11285
8033352,7107,10422
7849859,7110,9783
4784343,7110,7693
6289742,7112,7531
2751409,7112,8518
5653435,7113,9206
6392102,7113,11786
5665888,7114,10333
1086490,7115,9306
3878972,7115,10826
5739225,7116,9249
7152488,7116,7269
4721402,7117,7704
7369340,7117,11109
4940125,7117,8968
6960777,7118,11150
2235686,7119,9377
1823134,7119,10517
9852990,7119,7424
8056525,7119,8037
6946418,7120,9741
3473899,7120,10182
2571706,7120,11626
1520153,7121,7378
7036543,7121,7505
2303518,7121,11345
3147438,7121,8052
5593504,7121,11665
5488754,7121,10036
1659108,7122,11021
9700139,7122,7821
7157081,7122,9405
9789081,7124,12035
8172254,7124,9116
1559400,7125,9147
7263763,7125,7561
8747127,7125,9393
9321727,7126,10933
2739135,7126,11708
8196021,7127,11280
7863601,7127,9307
3305904,7127,11809
6469499,7127,8183
2369503,7127,10701
3015057,7127,7683
1965131,7128,8789
8007694,7128,10884
4349820,7129,11665
8146292,7129,10792
2967778,7130,7168
6551930,7131,10823
9776596,7132,11213
6102612,7132,7918
2107438,7133,7404
2993208,7133,8380
7135062,7133,9634
6591124,7134,9339
3621037,7135,11735
1286434,7136,7407
1695312,7136,10324
4300183,7138,9435
8682464,7139,8315
9231179,7139,7935
2871734,7142,7829
9296554,7143,9535
7973327,7143,9308
2157170,7144,9133
5056004,7144,7312
2153606,7144,9321
9415276,7144,10482
6936176,7144,9294
4159934,7145,8108
2263239,7146,11773
4217671,7146,9262
2314615,7147,10868
1155022,7147,7546
5815341,7149,10107
7362852,7149,11037
5468697,7150,12064
9129238,7151,9081
1484648,7154,9936
7422803,7154,9240
2314744,7154,9483
7912499,7155,11240
5776835,7156,9401
4076437,7156,10894
4361459,7157,8231
7361467,7157,8808
8673277,7157,8074
9636511,7159,8177
5155680,7159,11677
1127669,7159,11801
3486827,7160,11647
4060500,7160,10851
4188598,7161,9049
7039968,7161,8372
2128779,7162,8294
5633800,7162,9079
8496192,7163,10223
4552084,7163,9949
2110650,7164,8624
6468912,7164,9872
5389175,7164,11768
1660015,7165,9481
5961153,7166,11576
3162336,7167,11675
7159906,7167,11455
4942195,7167,10061
6204845,7167,11075
3891533,7168,10764
1649335,7168,10295
3369519,7168,12056
2597666,7168,11921
7427470,7168,8573
5337004,7169,11071
7835352,7169,11251
1139490,7169,10481
3579812,7170,11899
9852542,7170,11998
6809663,7170,9206
3101498,7170,9681
8817784,7171,10061
5645479,7172,7893
7323869,7172,11097
4088579,7172,11742
7675826,7172,9088
6691072,7172,10375
8795604,7173,7277
3624064,7174,9799
3615663,7174,10840
2454188,7174,10647
3285413,7174,9444
6383949,7175,9094
5887856,7175,11547
6017005,7176,7198
2286219,7177,9488
2650713,7177,9954
1370804,7178,7434
2174786,7178,9995
5631081,7178,8196
7545066,7178,10526
1213522,7178,8179
1440739,7178,12145
3488708,7179,8048
2785166,7180,11032
4685327,7181,10382
2774723,7181,8248
2774025,7182,12110
6445333,7182,11201
3201175,7182,8144
6016463,7183,11174
9858968,7183,9659
6991324,7183,12015
3169057,7183,9449
1497112,7184,11489
5772951,7184,11049
2266738,7185,11247
4619338,7186,10524
5846007,7187,11386
6787980,7187,11276
4897715,7187,7610
3228412,7187,9481
8579901,7187,8014
5011830,7187,11108
7109727,7188,9706
5115280,7188,10983
9004513,7188,9640
9116231,7189,10594
7479819,7190,12127
5852958,7191,8367
8474408,7192,9815
5230500,7192,12100
3169749,7192,11259
2608357,7193,7693
4222762,7193,10125
5823353,7194,10626
1801415,7195,11635
1250834,7195,9711
4922964,7196,9445
4126776,7196,11044
8206165,7197,9968
9583237,7197,7650
8796829,7197,8553
4600192,7198,9414
2355664,7198,10039
2975269,7198,11296
2921031,7198,10575
1825602,7198,7202
5039878,7199,8540
5543179,7200,9687
4786055,7200,10200
2787369,7200,9573
8469964,7201,7851
9810681,7201,9841
4767804,7201,7908
1396108,7201,7311
3768312,7203,8387
7256039,7204,9688
1530990,7204,10923
6490506,7206,8395
9212684,7207,8401
4879112,7207,10342
9806641,7208,8994
1788770,7208,7625
9562913,7209,9739
3741660,7209,10792
4330644,7209,12008
8172925,7209,8901
7947643,7210,11899
7117779,7210,10132
6067854,7210,8308
8548751,7210,9882
7569924,7213,8306
5184120,7213,8527
8694467,7214,10962
7604701,7215,10222
8845897,7215,7890
6232100,7216,10510
5489153,7216,11028
1192199,7216,7976
9121586,7217,10929
8269278,7217,8726
5773716,7217,9336
4492643,7218,10961
7679830,7219,11306
4272752,7219,9954
4101750,7221,9214
7661258,7221,10262
7389648,7221,11923
1526251,7221,11662
6097955,7222,12077
6452523,7223,11513
5754614,7223,11391
1583005,7224,7438
9108481,7224,11725
2445535,7224,10052
5983229,7225,8451
2378162,7226,11393
7073935,7227,7641
5059211,7229,8069
2767115,7230,9665
1127154,7230,9275
2503240,7230,10391
8326335,7230,10415
7988422,7231,7880
7525246,7232,10969
4153347,7232,7506
4862532,7232,11576
3739993,7232,10044
8471849,7233,9102
3920931,7233,10032
1386981,7234,10277
6135203,7236,7550
1467611,7237,9094
3734751,7237,11709
4118679,7238,8197
4193941,7238,12185
5700468,7240,7847
2009964,7240,8077
4336415,7240,11058
3021557,7241,9597
3720069,7242,11195
8344461,7242,7336
4380496,7243,9489
1744511,7244,8002
3398802,7245,9654
5136815,7245,11972
5866757,7246,9331
9293921,7246,8853
8832379,7246,9051
8086824,7247,8977
8250196,7248,7754
6628321,7248,10769
8297926,7248,8186
1975173,7248,10169
4069693,7250,10878
8684371,7251,9034
3426451,7251,8551
3640068,7252,9342
2232398,7252,8592
5845261,7252,8362
6161597,7252,11817
4627403,7252,7994
9687833,7253,11427
5423017,7253,10470
4080883,7254,7657
2905386,7254,7837
2927547,7255,9354
1265380,7256,8250
3128496,7257,7817
5502268,7257,7416
9357157,7257,10137
1963921,7258,11486
1124017,7258,7540
4214965,7258,12150
8003948,7258,12253
9089493,7259,11609
2301213,7259,7806
8726114,7260,9672
8998340,7260,11049
8124324,7261,8280
5610469,7261,12013
1902636,7262,9454
2683506,7263,11451
9220610,7263,8865
9196186,7263,8070
4183387,7265,9049
3031499,7265,7873
1739893,7265,11865
2170282,7265,11799
3757875,7265,8469
6959878,7265,8782
6991838,7265,8202
7020698,7265,10930
1371774,7266,10717
7903970,7267,10235
2653425,7267,11287
6752127,7267,7805
4322583,7267,7596
7495576,7267,9134
2953839,7268,12202
4604542,7269,8579
1928680,7271,7650
2544755,7271,12116
1571493,7271,10312
6762151,7272,11552
9249903,7273,9149
2817808,7273,10966
8485979,7274,9189
5772941,7274,9312
2349267,7275,7309
1861695,7276,8314
9871140,7277,7623
7051635,7277,11942
4033509,7278,7557
4906670,7278,11138
4013771,7278,7490
3877278,7279,9416
5982877,7279,8854
9392235,7279,7701
3191832,7280,8701
5489005,7280,11050
8190957,7280,9147
3640215,7281,11746
2067573,7281,10782
7455349,7281,11426
7715544,7282,9804
7501691,7282,7821
3051143,7283,9057
7823715,7283,12168
4198983,7284,9791
6570416,7284,11989
8722545,7284,10452
9678527,7285,8152
1248913,7285,11860
9887094,7285,9590
3279484,7287,9761
5113226,7287,10809
4861060,7287,9590
7161430,7288,8860
6821033,7288,8672
6754566,7288,11712
4032766,7288,7404
5993945,7289,8399
6959100,7291,7291
8628143,7291,9665
2636500,7292,11384
9724762,7292,9188
1681584,7292,10129
3407338,7292,7331
5768925,7293,7819
3285081,7293,12081
9059311,7293,8803
3101554,7294,10937
3742796,7294,11999
4323648,7295,7723
5883608,7295,8673
9295728,7295,8409
6684746,7296,11834
6648914,7297,11959
4658198,7297,9350
1365972,7298,11963
4886663,7298,7908
3032393,7298,9893
4581796,7300,9269
9741419,7300,11265
4728456,7300,9453
7699170,7300,9200
9402751,7301,7809
7508052,7301,8211
1939245,7302,9950
8602168,7302,8507
9452956,7302,9012
2607924,7303,10189
3325457,7303,11973
8882135,7303,11629
5318118,7303,11144
7431565,7303,10343
3865500,7303,11961
2150139,7303,8071
4307238,7304,9368
9625046,7304,7815
5093009,7304,8957
5603405,7304,9871
3957689,7305,9406
4960062,7305,8975
8391908,7306,8675
8571832,7306,7652
7694953,7306,11372
6985781,7307,9465
2129251,7307,7397
9209520,7307,10029
9735493,7307,8552
1254224,7308,7752
2332325,7308,9517
1569962,7309,9642
4637561,7310,9574
2888672,7310,11314
1089084,7310,10161
7153327,7311,10481
7063891,7311,10661
3330318,7311,7571
6435207,7312,10813
4178069,7312,9259
6108422,7313,8239
7708358,7314,9837
8605124,7314,12237
8002294,7314,11021
7936139,7314,9968
1558512,7314,8719
1937246,7316,8776
1548917,7316,9252
5950768,7316,10216
2099219,7317,12264
9003861,7318,11295
5623822,7318,9844
6976128,7318,10145
2048144,7318,7717
3870349,7319,7735
6853309,7319,10325
8597058,7319,7921
3574673,7319,10399
1762447,7320,8695
5317468,7320,11664
8177819,7320,10743
7735228,7320,8203
1268140,7320,9877
6503753,7321,11277
4250353,7321,8598
6502629,7322,9457
2930610,7322,9323
1004792,7322,10601
4867848,7322,9452
4492548,7323,8241
2698147,7323,11409
8364080,7324,7726
6986467,7324,8155
2874275,7324,8780
5951868,7324,9912
9069419,7324,8595
6276708,7326,10526
4731308,7326,10039
5717962,7326,8276
9682363,7326,9939
7222244,7327,8569
3416423,7327,11837
7909648,7328,7743
7416897,7328,11917
8699509,7329,12103
4162024,7329,9463
5893877,7329,11931
5223589,7330,7852
7066979,7330,10444
2664430,7330,7710
2326803,7331,7563
8723563,7332,10929
6024908,7332,11430
8510112,7332,8490
1634872,7333,8798
1053224,7333,9371
9298321,7334,8183
6303444,7335,11313
7868359,7335,10973
3397456,7335,9680
9939172,7335,10601
4970507,7336,11742
1886555,7336,7558
2367305,7336,11778
9999565,7336,10736
7113126,7336,10470
4329463,7337,9030
3848531,7340,7704
7019307,7342,7493
4038246,7343,7884
7327058,7343,7697
3322869,7343,10279
6538212,7343,9433
3611074,7344,7414
3893428,7344,10923
2861271,7344,10622
1564711,7344,11500
5209919,7344,11462
8781230,7345,11622
1812690,7345,11590
8496331,7345,8759
5858685,7346,8442
6647049,7346,9883
9848257,7347,11678
5159672,7348,9955
3284992,7348,10317
5562639,7349,10744
7670923,7350,8357
7693504,7350,12010
7476825,7351,10355
1088981,7352,8542
4343589,7352,8112
3841857,7352,11392
8750768,7352,7493
7371873,7352,11266
6274951,7352,8289
7734524,7353,8814
4853990,7353,12067
3914115,7354,11508
1299845,7354,8923
4970883,7355,9483
7233523,7356,8335
4671257,7356,8989
8940529,7356,11173
6539925,7357,10808
1329449,7359,8679
1860935,7360,8769
8211959,7360,10450
5352046,7360,12360
4722798,7361,12125
5321396,7361,7573
1270393,7362,10783
5088542,7363,7718
8288107,7363,8212
2217239,7364,11289
4845421,7364,10272
7648561,7364,9635
9251526,7364,10381
9096325,7365,7892
7152581,7365,9140
1758252,7367,8053
2706431,7367,8444
2341795,7367,12159
3499830,7367,11208
5701407,7368,9005
5499458,7368,8974
6031983,7368,10465
7403421,7369,10835
6401717,7369,10968
2588834,7369,8129
7295060,7370,11209
5105939,7370,7460
2265084,7370,8399
5154805,7371,7981
9398775,7371,9299
8985136,7371,9770
4270452,7371,9526
4730867,7373,9993
9808628,7373,11283
2795082,7374,8878
9043816,7374,9315
7377808,7374,10061
8196362,7374,9404
1940848,7375,7848
5998518,7375,7967
1383854,7375,12085
3286003,7376,9234
3535684,7378,11067
6292710,7378,10538
1716526,7379,11421
7475263,7379,10130
6837402,7379,9804
6820736,7380,11643
1642686,7381,8958
5270213,7381,10322
9576053,7381,10140
4138197,7381,10102
1885800,7382,8240
6634199,7382,9390
6444229,7382,10560
7567580,7383,12152
8734890,7384,7478
2335014,7384,9331
6213105,7385,9279
9360096,7385,8887
4430741,7385,11650
8408520,7386,7683
6314546,7386,9706
6572281,7387,9902
6341723,7387,7597
1064891,7387,8425
9354417,7387,9578
2948536,7388,11738
7928957,7389,11147
1640617,7389,11399
5868951,7389,8586
4093451,7390,11043
7063320,7390,9173
3075927,7390,9276
3020030,7391,12048
8657671,7391,8921
8069073,7391,8110
4151778,7392,10084
6116020,7392,12277
3453900,7392,10594
6938801,7392,7505
6919391,7392,8028
8456668,7393,10624
9712164,7394,9455
6340386,7395,7737
8253201,7395,9583
7486566,7395,8697
7652766,7395,11716
8531628,7396,7600
8413461,7396,8447
2217379,7396,8255
2209868,7397,11404
9982922,7397,11695
4477838,7397,10183
3993888,7398,8771
7697799,7398,8286
1555025,7398,11684
7264038,7399,10580
1036912,7401,10547
3077154,7401,9070
4294088,7401,12348
9646333,7401,11674
7502742,7402,11223
1062148,7402,9261
7322177,7402,10590
6878867,7403,8088
4099804,7403,11106
9075704,7403,8675
8517691,7403,11222
3515720,7404,10601
6271771,7404,10596
1815683,7404,7731
4885343,7405,10208
2016529,7405,7440
9815528,7406,8466
9850024,7406,8418
6560080,7406,11172
4248782,7407,10405
6421794,7407,9147
8984217,7409,11242
1045516,7410,7491
3097035,7411,10627
1060532,7411,9181
3075473,7412,9948
9061897,7412,9638
8262842,7413,8957
3461818,7413,10535
8714334,7413,10558
7412204,7414,11363
5351276,7415,9251
4869501,7415,10938
3873342,7415,9784
9996781,7416,10918
4121661,7416,12350
8735020,7416,9821
6567904,7417,10714
4421282,7417,8155
1686909,7418,10798
1787371,7418,8697
4750184,7418,8628
4531399,7419,9501
3931719,7420,10599
6614233,7421,10295
9417101,7421,11113
2604847,7421,11711
5941450,7421,11638
6671338,7421,11354
5493667,7422,7666
5878401,7423,11875
3525333,7424,11883
5513634,7424,10710
1222732,7424,12355
1214574,7424,12407
5968611,7424,8087
8172927,7425,8055
8943136,7426,12150
5411033,7427,11568
9791540,7428,7573
8005128,7429,11822
7551245,7429,10306
4240761,7430,8333
8468160,7431,7471
1758166,7431,9319
4682982,7431,8941
6527005,7431,10908
8400638,7431,7906
7924346,7432,9670
4547898,7432,11565
9008194,7432,10726
2661066,7432,10479
3221357,7434,11646
7760713,7434,12152
1201495,7434,9658
4024792,7435,8133
4060488,7435,10410
1459691,7435,9997
8313012,7435,10908
6956256,7436,7843
1200438,7437,11396
5628006,7437,9797
4137188,7437,12420
9928267,7437,12360
4586931,7437,8726
7367180,7437,11974
5197865,7437,8096
3526714,7439,10134
1398822,7439,9146
8141972,7439,8227
9840063,7439,9367
3979028,7440,9104
7351773,7440,10179
4041429,7441,8219
6727637,7441,11285
6380385,7442,9084
1615229,7442,11309
1210337,7442,7504
7491467,7444,8663
8650583,7444,8889
5556496,7445,9951
5495305,7446,7537
9277989,7446,8421
3117134,7446,9792
4101244,7447,8439
9719351,7447,10858
9341365,7448,7879
1650007,7449,10111
3424025,7449,7824
5571950,7450,8684
4944532,7450,8504
6973280,7450,10351
9464590,7452,11765
6584507,7452,10436
4534246,7453,11319
7523226,7454,9483
2764738,7454,11866
8463176,7455,7579
3761079,7457,11527
5968440,7457,11882
4215481,7458,9094
8948083,7458,10103
1816595,7459,7692
2291505,7459,8005
9495179,7461,8320
8659934,7461,9944
9740070,7462,12091
2277687,7462,7562
3213199,7464,9791
3666664,7464,9387
6200955,7464,10686
6234338,7465,11570
7027528,7465,7858
3402383,7466,9850
7688362,7467,9701
9373052,7467,7730
5934920,7468,11643
9569749,7468,9506
1708995,7469,12351
5439719,7469,7650
7517797,7470,12215
4575505,7470,8290
4341138,7471,11401
5292867,7471,12390
1189901,7472,11265
9071040,7472,10294
3858781,7472,9834
3453322,7473,8629
3108926,7474,10312
3629046,7474,11673
2303365,7474,8692
3085735,7476,10847
8345276,7476,9791
4317020,7476,11640
6014166,7478,9850
3505323,7478,10514
7688590,7478,7498
9487280,7480,10938
6698203,7480,8639
4614276,7480,11661
2046167,7480,11789
4908987,7482,10170
6791209,7482,8373
3084391,7482,10544
2848962,7482,11538
4114076,7483,9918
5993056,7483,8650
6330590,7483,10205
8719174,7484,9844
2258865,7484,11424
3297390,7486,9124
9225948,7486,7934
7568097,7487,9569
5347762,7487,9284
5133305,7488,11105
4541330,7489,12372
1491757,7489,8622
3015842,7490,11121
6400259,7490,10850
2814952,7490,8003
3155842,7491,8617
6762872,7491,7777
6941796,7492,7988
4925772,7493,11566
5161119,7493,11994
8598987,7493,10501
8634935,7493,10825
2530245,7494,9980
2008209,7494,11581
8423455,7495,9907
5235597,7495,9045
6318794,7495,9760
3399135,7496,9319
4109530,7498,8098
2202086,7498,10548
4315688,7498,9733
1125165,7498,9746
2792711,7499,9915
1813806,7499,8009
7421908,7499,9850
4745508,7500,9647
5345047,7500,11028
4053723,7500,11568
2283247,7500,11781
5669905,7501,12403
7521622,7501,10120
8952558,7502,8925
6829555,7502,12253
6026089,7503,7755
1931586,7504,12447
8362599,7504,8571
5648190,7505,11642
1020115,7505,9820
7119608,7506,11650
9502596,7506,10692
4420155,7506,11646
8345356,7507,8781
8580155,7507,8010
1449098,7508,8433
5289177,7508,9313
9825719,7509,9198
8392142,7510,9673
8805371,7510,10296
5522475,7512,10539
2601632,7512,9575
3223684,7512,11149
2809514,7513,11813
8625501,7513,11961
1789319,7513,8054
9690655,7513,9871
3276900,7513,7961
7411953,7514,9775
3677440,7514,7788
7575706,7514,9079
8292261,7514,10747
6229624,7515,9443
8391917,7515,10926
6268528,7516,12344
8694108,7517,7840
7951964,7517,8978
9870783,7517,9571
4258640,7517,11625
6182106,7519,10905
6231299,7519,8463
9760682,7520,10829
3631320,7522,11969
7643181,7522,11961
3193290,7524,12010
2154980,7524,7617
1590776,7525,9109
7968857,7526,8335
1513726,7527,7610
9850542,7527,12050
5546031,7527,7783
8534143,7528,10163
4226350,7528,8718
1946980,7528,11257
2805147,7529,8433
9924916,7529,9088
1756149,7530,10353
2640861,7530,12516
5757209,7531,7568
6595089,7531,9737
7990671,7531,10676
2461630,7532,11368
9936605,7532,11297
5780977,7532,11832
6635365,7533,8279
7782790,7533,7721
5297656,7535,9749
3827088,7535,12309
9143891,7535,7897
6569212,7536,12373
7901205,7536,9047
1338510,7537,12517
5223797,7538,10710
4453095,7538,10930
9669024,7539,8756
8991438,7539,10992
8849453,7540,8598
4547276,7541,10293
2906550,7542,9461
9987424,7542,9818
9758177,7542,9027
9896127,7543,12040
9076376,7544,11576
6751678,7544,7942
9194660,7545,11776
1091094,7545,7861
9984732,7546,12306
7683998,7547,11563
2775546,7548,7830
9886988,7548,8742
8940188,7548,7813
5808829,7548,7783
5469501,7549,9450
4556947,7550,11623
9690944,7551,7817
8016625,7551,11457
4405766,7551,12401
9656638,7551,11259
8917914,7552,11021
2863479,7554,9702
5779019,7554,11490
5642937,7554,12074
5823153,7554,11098
1336509,7554,11097
4362183,7556,10299
4444289,7556,12148
4493040,7558,11880
8180977,7559,12258
2484171,7560,12093
6562253,7560,8057
9861680,7561,7682
1665004,7561,9805
4757460,7561,10526
1847595,7561,7807
1522641,7563,11625
7275644,7563,7802
1841982,7564,9660
9947788,7564,11051
3026490,7565,10756
8026299,7566,8730
2105519,7566,12191
4343539,7567,9608
8635705,7567,8597
8696233,7568,8268
9675912,7568,11839
1423979,7568,12145
9318697,7568,8728
1082117,7568,11336
2712425,7569,7851
8474212,7569,12228
1859470,7569,10143
1518675,7569,11053
3914824,7569,8339
2469807,7571,8551
8388196,7571,11565
4176818,7572,8574
4835841,7574,8917
5185760,7574,9779
9411800,7574,10722
5372293,7574,8964
3391830,7574,10451
4948775,7575,9370
5082279,7575,8307
5820935,7576,9520
5720342,7577,8492
6812363,7577,10435
3097413,7578,9956
2937729,7578,8058
1975742,7578,10343
6595379,7578,12515
8041004,7579,12254
6889083,7580,8909
6072498,7580,12101
3992804,7580,11286
9224871,7581,8761
6028379,7581,11292
5494185,7582,12319
9961407,7582,11844
5726422,7583,12336
5652704,7584,8717
5104663,7584,8802
1350916,7584,9268
8738015,7585,10532
5237734,7586,8279
7262150,7586,9378
8354171,7587,10035
9542966,7587,8985
4410984,7588,7644
9153982,7588,9413
7622117,7588,8790
5113245,7589,9144
8415565,7589,11669
8117592,7589,8720
5027710,7591,9772
3226183,7591,10774
1048326,7591,7742
9513855,7593,9565
3452915,7593,9493
3470500,7593,10058
6631758,7594,10689
4469247,7596,8622
4503581,7596,11139
4356006,7596,10219
7221664,7597,8422
5604093,7599,12051
3699835,7599,12587
9906463,7600,10613
5667015,7600,8579
8554143,7600,8447
4699566,7601,10876
1078639,7601,10769
3647711,7602,10546
9653610,7603,11323
8467930,7603,8551
5885288,7603,9588
8973124,7604,8939
1925351,7604,8434
6777801,7605,10941
8417255,7605,12405
8389114,7605,9000
9912763,7605,10246
7252534,7605,8159
7519240,7606,11076
1064491,7606,12082
6532760,7606,7878
7851575,7608,10675
7453994,7609,8080
5312581,7609,8540
8676465,7609,12137
9233837,7610,11314
6469907,7610,11125
2408891,7610,11022
2829022,7611,11306
1714132,7612,7857
1063893,7613,10983
1598955,7613,11147
6542427,7614,12220
2890909,7615,12467
4767582,7615,11116
3738003,7615,9175
9183449,7615,9402
4978381,7616,11772
5161341,7617,10507
6353580,7619,9247
8738208,7620,11507
6005988,7620,10222
6478616,7620,11044
9321418,7620,9463
9362939,7621,11501
7106253,7621,10520
4981035,7621,10125
9409428,7621,8980
7063778,7622,9092
8358284,7622,11820
6408296,7623,12286
4250092,7623,10027
1646416,7623,10044
6602142,7623,11882
8222860,7623,9942
6733255,7624,10909
7089587,7624,8197
6446078,7627,9476
5422598,7628,9326
8184212,7628,8975
1401924,7628,9653
2970685,7628,12353
7461757,7629,11556
9883814,7630,9374
4501112,7630,11389
3823775,7630,12510
6234115,7631,12039
1745262,7631,10203
1056822,7632,12377
2223401,7632,12282
9225231,7632,12283
4241201,7633,8220
2150366,7633,8279
8377079,7633,8675
5857617,7634,9913
3106881,7634,9334
2781354,7634,8407
1531555,7635,9322
1407118,7635,9067
8858462,7635,8794
7985827,7636,8740
4906428,7636,10718
4568404,7636,7907
6809600,7636,8170
1383436,7637,10409
3608268,7638,9850
2858212,7638,8732
6342493,7638,10929
1208788,7640,12542
4386658,7642,12340
3840156,7643,8749
7854283,7645,11479
6150339,7645,11182
4673350,7646,11256
5074878,7646,12317
2043155,7647,8858
6646583,7647,12217
8672705,7647,11827
6275157,7647,10455
1873106,7648,12561
4893451,7648,11952
6024918,7650,12270
1895663,7650,9155
7904242,7650,10489
2380602,7651,8157
2856776,7651,11685
2663509,7652,10862
1787910,7652,9052
5846661,7653,10604
1689428,7653,9703
2232082,7653,8446
4937385,7653,9466
6852535,7653,9712
1858283,7654,8617
4437300,7654,12568
7642711,7657,9883
2570823,7657,9076
1953590,7657,8310
7768570,7657,12274
2373145,7657,11564
6731523,7659,10957
6708719,7659,12085
9288873,7660,10285
6139272,7660,12617
5380936,7660,8197
8144418,7660,12094
3930668,7661,10601
3515829,7662,8216
2479972,7662,8011
6009645,7663,8057
4180019,7663,10482
7189937,7664,7826
8448374,7664,10434
6386741,7664,8561
5775205,7665,10655
4441545,7665,12209
1885679,7666,11639
2273557,7666,11771
7496256,7666,12459
7688854,7666,11401
8066752,7667,10058
1851154,7667,10462
8569961,7667,10406
6031518,7668,8809
6650672,7668,9355
4761728,7668,11172
5152591,7669,7977
8021685,7670,12380
8819112,7670,10286
5275154,7670,10620
2878042,7671,8252
6029322,7671,10717
5537456,7671,11727
7752920,7671,10310
1075972,7671,8870
2649775,7672,11196
6867569,7672,7957
2190828,7672,11215
3678209,7674,9327
2849199,7675,9139
3227200,7676,10784
5297145,7676,7816
8559034,7676,12334
4026522,7676,12483
3126743,7677,8521
3794975,7677,8574
9280645,7677,10220
3983002,7677,9882
1200860,7678,12277
9651025,7678,11592
9596019,7679,11193
8542765,7679,10924
2721558,7680,9632
3436753,7680,7837
5687812,7680,9438
3792090,7680,12331
3990286,7680,12658
9354135,7681,10778
5093603,7681,12626
9625045,7682,11841
6890749,7682,7935
1129897,7682,10880
5133184,7682,7745
5465060,7683,11097
1092488,7684,9273
3461179,7684,9096
6325301,7684,11807
6145899,7685,8361
2620825,7686,8908
4983713,7686,12145
1519387,7688,8223
4591637,7689,11529
3185044,7690,10413
8892747,7690,12039
7965206,7690,9370
3673609,7690,10315
8978235,7690,8859
2408028,7691,11275
4309283,7691,12556
9434580,7692,12394
8122019,7693,8914
5023543,7693,8880
8261316,7693,10579
4373263,7694,11896
3339554,7694,8469
3235607,7695,11452
7958271,7695,10460
6721520,7696,10575
7392959,7696,10566
8247682,7696,10854
4432701,7697,12378
5752576,7697,8673
3853949,7697,11442
4381980,7698,8039
8479787,7699,11086
8852102,7699,10786
1202607,7700,11977
7169563,7700,11855
5939086,7700,12362
4517853,7700,11211
9480315,7702,8547
8176601,7702,8302
5405072,7703,10282
6989510,7703,11997
7027503,7703,8157
5663641,7704,11621
6692719,7704,9058
9233967,7704,11503
4787826,7705,10132
3429888,7705,7933
2352801,7706,8552
2415829,7706,9083
4978584,7706,11224
3628661,7706,11833
3210247,7707,9582
1766973,7708,8989
7205190,7708,9487
1332640,7712,8148
8274371,7712,9956
2368899,7712,10823
2864587,7712,9415
3381810,7712,11007
7548593,7714,9994
8382835,7714,8438
3163098,7715,12420
1929562,7716,8851
4341527,7716,10011
8736555,7717,10430
3134398,7718,10801
8539642,7718,11114
7354700,7718,8478
4934443,7719,8583
8219150,7720,7877
6411039,7720,12566
2017803,7720,11301
8757805,7720,11261
7392167,7721,10552
3093820,7721,10520
3606823,7721,10974
1174910,7722,11252
9240005,7723,12122
8641310,7724,10310
6893650,7724,12660
7762727,7724,8471
8464665,7725,12140
5999514,7725,8324
6662769,7727,12373
8298062,7728,8749
5681702,7729,10828
9895199,7729,10609
4402850,7730,8640
5382377,7731,8782
1177043,7732,12648
8334528,7732,8728
3339337,7733,12094
7086727,7733,9309
9014594,7733,10511
9984679,7734,11444
2715542,7734,11642
1513675,7734,8048
3613473,7734,12405
9697759,7735,9287
2625447,7735,11406
2736709,7735,12279
8845606,7736,11764
3651328,7736,9917
4368012,7736,9754
4290756,7738,12587
3030426,7738,9820
7779654,7739,7831
7317533,7739,8511
2266415,7739,8116
5728229,7740,10469
7385827,7740,9802
6253722,7740,11715
7658899,7740,10081
9292683,7741,12351
8579253,7741,11239
7272152,7742,9206
4793927,7742,11870
2886127,7742,11364
4062214,7742,8209
3466852,7743,8153
1936723,7743,10673
8551159,7743,9478
6413734,7743,8224
9871951,7744,8305
3605567,7744,10480
9344590,7745,8325
7146405,7745,7847
5491255,7745,9080
3658065,7746,11813
2998343,7747,10785
2833575,7747,8094
6507807,7748,12599
2524871,7749,12710
5352026,7749,9951
9724234,7749,8285
1115959,7749,8479
2176583,7750,9182
4775111,7750,8655
9899101,7750,9829
9096302,7750,7944
5383716,7750,10961
6981441,7750,10762
2790717,7751,12131
2879774,7751,11215
2805545,7752,8461
4691336,7752,11155
1624387,7752,12181
1006898,7752,9355
2241038,7753,12068
6678220,7753,11377
4665184,7754,8874
2939392,7754,8039
8762079,7755,10761
5627203,7755,10011
5964847,7755,11696
4553588,7755,11905
8424759,7755,9492
2901663,7755,10794
2508992,7755,11070
4308761,7756,11557
8140924,7756,8246
4297865,7757,8844
8124004,7757,8223
6857019,7758,8122
6865607,7758,9550
7286987,7760,7946
1457667,7760,9021
1040832,7761,8562
5660817,7761,9354
3433236,7761,11380
4477433,7762,12554
1876832,7762,9900
2669306,7762,10937
4585079,7763,9302
5649120,7763,9085
8249898,7764,10585
6740873,7764,8411
3658295,7764,11295
1347176,7764,7906
4344850,7765,12583
9255711,7765,12501
3833272,7765,9145
8730536,7766,8318
2852663,7766,9015
9030101,7766,11863
6902284,7767,8371
6697988,7768,12521
1581285,7770,10262
4276356,7771,11688
4991786,7771,9731
8681278,7771,9858
4755269,7771,8127
3709727,7771,8744
4451919,7772,10578
9387707,7772,10337
4999861,7772,10070
4916390,7773,11696
9507706,7773,12407
8737373,7774,7839
6137009,7774,12502
7029306,7775,10651
6725924,7776,12380
9453737,7776,8762
9946237,7776,11195
7846617,7776,11114
4513069,7776,12323
9659301,7776,10634
7668967,7776,12216
9710983,7776,11865
6939304,7777,9897
9773212,7777,9514
5122599,7778,8383
4474716,7778,9644
5255108,7779,9007
5281599,7780,12134
9095441,7781,8370
1363626,7781,11876
5498848,7781,11824
6749343,7782,8324
3264501,7782,8295
9855573,7783,9966
3875843,7784,8797
5121887,7784,9820
2824798,7785,9748
9796834,7785,11324
7213380,7786,11538
3543820,7787,8780
1021915,7788,10953
6629125,7789,8664
9802257,7789,10152
5518449,7790,12710
2871206,7790,10519
6315594,7790,12239
2551743,7790,9002
6328142,7790,9014
4982123,7790,10524
4520997,7791,12764
3704383,7792,10366
6116218,7793,8315
5473110,7793,12443
3383988,7795,11940
1424161,7795,9043
3158833,7795,11756
3185372,7796,8958
2144404,7796,8928
9553835,7796,12252
9503163,7796,8073
8597368,7797,10834
8463564,7797,11231
8652346,7797,8204
1755638,7798,11925
1287180,7798,12647
3037552,7798,8461
5290278,7799,10438
1185589,7799,11497
2355437,7801,8000
2401423,7802,11720
7195242,7803,9754
6210406,7803,9399
1134616,7804,10849
9736748,7805,11912
4395542,7806,10979
3397474,7806,9965
3837033,7806,10399
7560009,7806,12182
6732389,7807,10996
8140649,7807,10169
8944611,7809,8429
2538626,7809,10613
3272857,7809,10131
3937544,7810,10936
2519264,7811,9463
1698712,7811,11012
7023538,7812,10556
3531423,7812,10682
3723995,7814,7924
7163164,7815,12183
2778100,7815,9857
5727174,7816,10126
4956606,7816,9413
6929237,7817,9420
1345473,7818,10554
3334881,7819,10977
3056404,7820,9831
9724960,7820,9105
5246865,7822,11041
1048667,7822,8621
6422170,7822,9342
3623629,7823,9074
2288553,7824,8702
3927996,7824,12364
9429142,7824,11052
1396209,7826,10563
8138822,7826,12602
8088770,7826,11120
7878456,7827,11973
7209139,7828,12419
1543020,7829,11631
1044137,7831,7880
7572371,7831,11450
1845694,7831,9495
3480240,7832,7871
6784538,7833,12446
3868421,7834,11926
8508293,7834,9495
9798146,7834,10575
4299669,7834,9238
2929345,7834,9040
4277528,7835,11656
9050739,7836,11899
1612394,7836,11253
1689893,7837,9836
8066345,7838,11486
2745449,7838,9394
5792718,7839,9131
6705626,7839,10861
3509472,7839,10191
6816532,7840,9211
3065634,7841,12774
1122787,7841,8260
7670781,7841,11010
7807728,7841,10875
6998011,7842,11205
2550733,7842,7888
9114688,7843,8846
6716591,7843,12057
7186172,7843,8865
6588300,7843,8402
7109025,7844,11561
3043897,7844,7894
6506138,7844,10817
4913812,7846,9880
2069644,7847,11226
1400966,7847,11935
4426738,7847,10631
2772531,7849,11769
8708153,7849,12302
6440406,7849,12697
7899547,7850,9742
6964437,7853,9700
7888971,7853,12847
8365710,7854,8039
8407372,7854,8176
6343901,7854,9958
9907457,7854,11039
8941176,7854,10962
9648097,7855,10143
1195028,7855,9553
8284845,7855,12586
5169216,7856,8310
7187844,7856,10993
7670378,7857,9681
5656104,7857,8956
5808922,7860,7861
7144668,7860,8493
2195548,7860,11637
3619969,7860,8497
3850313,7860,8208
5788196,7861,7873
6254322,7861,9100
9392906,7862,10849
9587036,7863,12778
2075454,7863,10141
7140951,7863,10417
2760720,7864,9209
2352869,7864,11298
5193429,7864,12638
4050458,7865,10395
5399848,7865,12242
9986608,7865,11430
8516513,7865,10403
4379976,7865,9045
9003131,7866,10599
2189651,7866,11670
4452596,7866,9002
6528220,7868,9073
1554519,7870,12031
8324620,7871,12775
3208300,7871,11847
7692001,7872,11586
7441240,7872,12091
3458453,7873,12475
1393533,7873,9263
4319752,7873,10137
8865251,7873,9510
9565286,7873,11073
8884943,7873,11094
5492195,7875,12386
6376531,7875,9295
8504509,7875,12555
2915594,7876,7912
9746723,7876,9375
6309292,7879,8901
2342304,7879,12495
3236647,7880,9348
6891469,7880,8730
8247521,7882,10347
9530903,7882,10239
2376525,7883,8788
7191599,7883,12661
3154799,7885,7929
1141005,7885,9617
5820914,7885,11086
7616654,7886,10915
5064679,7887,11623
5733809,7888,9087
2784407,7888,10105
3623181,7889,12145
7367372,7889,8712
4150501,7889,8334
9328135,7889,10173
3719737,7889,8683
5207815,7890,9475
2061385,7890,11975
4965068,7890,10333
5913415,7891,11525
5662604,7891,12190
7869172,7891,11135
5321678,7893,9488
2135733,7893,11223
1116237,7893,8100
8319002,7894,8665
2112716,7894,12731
8375716,7894,8710
2274190,7897,11356
1407408,7898,9881
1793542,7898,8930
4251955,7900,9172
7051773,7900,9752
3750044,7901,10499
4915494,7903,10898
2537382,7903,8366
7561182,7903,10315
2012689,7904,9610
7910355,7904,12391
9618456,7904,8289
5825743,7904,9478
5408243,7905,9352
7135048,7905,9525
2725420,7906,8196
6666290,7906,11964
8974335,7906,10136
8313063,7906,8444
4387341,7907,8123
7662404,7907,9320
7232823,7909,12161
8214881,7910,10397
8399282,7911,12870
5241277,7911,10926
9760407,7912,9340
6332592,7912,11715
4145943,7912,8389
2726761,7913,12581
6449389,7914,10778
3442051,7914,9988
6261500,7915,11869
7990206,7915,11251
8617091,7915,10846
7200150,7916,8269
1483365,7916,11141
4590837,7916,8570
9566404,7916,10935
5849696,7916,10856
3161336,7917,10577
7695836,7919,8386
1375781,7919,8254
3756960,7919,12349
2078316,7919,10903
9413993,7920,11130
6781371,7920,10940
9606273,7920,10740
3163656,7920,8490
3967238,7921,8190
3914588,7921,11549
7321796,7922,11626
7508645,7922,11353
2824604,7922,11893
1113197,7922,8549
3180673,7922,11249
4166876,7922,12581
1322969,7924,9747
2387742,7924,12695
3811685,7924,10610
3277966,7925,10768
6151968,7925,9086
6002192,7926,8062
9860961,7927,10440
1939886,7927,12520
6590788,7927,10414
1725828,7928,9124
8387157,7928,11513
8806063,7928,9694
1295037,7928,11433
9008482,7929,12069
9447826,7929,12639
2869880,7929,8495
3972221,7930,11962
5245261,7931,10877
4054415,7931,9799
5436351,7932,10318
3275220,7932,9879
7082039,7932,8380
9334335,7933,10549
4181015,7933,11856
8133903,7934,11935
4706655,7934,12203
2965834,7934,8112
4219183,7936,12084
7743361,7936,9798
3280071,7936,12742
6462121,7936,8236
2710210,7937,9648
9704911,7937,11698
3662930,7938,8204
3840871,7938,9644
8186853,7938,8575
5374888,7939,9680
4587482,7939,9513
5501196,7940,9366
1544170,7940,11813
4588313,7941,10955
8140060,7941,8276
4563640,7942,10113
3722991,7942,10785
8505128,7943,9254
2220394,7943,8949
4672488,7943,10217
9278022,7944,9713
5522410,7944,11271
7141424,7945,11993
2480624,7945,8794
3936377,7946,10353
1213110,7947,10389
7616633,7947,8990
7314339,7947,9890
5562616,7947,10400
5345091,7947,10826
5352538,7947,9850
8861195,7948,12496
5349497,7948,10806
8245401,7948,11016
2460196,7949,12269
2680924,7950,12470
8436248,7951,11850
3595165,7951,9020
8477199,7951,11844
7223635,7952,12151
7534745,7952,12784
3898736,7953,8947
7645937,7955,8431
9574910,7955,10990
4374081,7955,10013
5644171,7955,9170
2624014,7956,10894
1139879,7956,10275
7985412,7957,12757
8143185,7957,9359
2865547,7958,11098
3536968,7958,11899
3851327,7959,11609
5943301,7959,9566
8507399,7960,10094
8837522,7960,8361
8633103,7961,10655
1688681,7962,8195
1759300,7962,8099
9060979,7962,9270
7608771,7963,11195
5862437,7963,9897
9851626,7963,10450
4743506,7964,10120
2387521,7965,8767
3813298,7965,10335
1893490,7966,11408
9226354,7968,11885
7757950,7968,9658
2515401,7968,12529
1586879,7968,8061
9988864,7970,10755
6284861,7970,11671
9938147,7973,12305
8641272,7973,11417
4090761,7974,9729
1606009,7975,10852
7400744,7975,12254
8435171,7976,11507
9219386,7976,9168
9682838,7976,10562
8378246,7977,11293
2028993,7978,8506
6984500,7978,10846
4556981,7978,10392
7815429,7979,8578
9581728,7980,9156
7255442,7980,10826
5617723,7980,8142
8925534,7981,11364
1730102,7981,12785
3590963,7981,9934
6976607,7982,8742
9077618,7982,11233
8673512,7982,11926
8184770,7984,12211
9621541,7984,12064
4915303,7985,10715
2323628,7985,8037
9328444,7987,10795
2375027,7987,9162
4934435,7988,9337
7837131,7990,8479
7543547,7991,9052
2558079,7991,9536
6990526,7992,8102
5848539,7993,8088
1974376,7994,11173
7240455,7995,9606
7337779,7995,8132
7363158,7995,8777
5349769,7996,10505
6346803,7997,8879
3031092,7997,9102
8288318,7997,12954
6773962,7997,11116
4958717,7997,11256
4522879,7998,12103
4676479,7998,8402
1374389,7999,9210
3061215,7999,12770
9407625,8000,10377
1908944,8001,12962
5657836,8001,8406
7737677,8002,9952
2544291,8002,12138
9236772,8002,11701
4710070,8003,11075
7546030,8003,8535
6254594,8003,9567
3236254,8004,10341
3344239,8004,11087
4829204,8005,9580
7093350,8005,8633
8966040,8006,12275
4583330,8007,9597
6961451,8007,9721
4467476,8007,8313
3142301,8008,12099
7535725,8010,12548
1749854,8010,9456
9325147,8011,11701
1980628,8011,12035
6009774,8012,9869
4825441,8012,12070
7245054,8012,11381
3274461,8012,10191
1288802,8013,8418
2212838,8013,12031
8387400,8014,12700
2589026,8015,8849
7962304,8015,8191
3905901,8015,10545
7834774,8015,8044
8067348,8016,12947
3635914,8016,9408
5592715,8016,11769
2252014,8017,10354
1169067,8017,9920
7964309,8017,10234
7530472,8018,11599
7839705,8018,9740
4628694,8019,9162
9801649,8019,8492
7409803,8019,8892
1736427,8019,11411
7938863,8019,10033
2908562,8019,9477
9510406,8020,10288
9821461,8020,9364
5490298,8020,9121
8028484,8021,10711
4771698,8022,10455
1818993,8023,11861
5941869,8023,12466
3932994,8024,11512
4891097,8025,12999
6843604,8025,9500
8225521,8025,9661
1741043,8025,11371
3262126,8026,9473
4776327,8026,11210
1802961,8027,11494
9136932,8027,10489
7879909,8028,9532
5706550,8028,12373
2434611,8028,12116
1418715,8029,11129
8970949,8030,9840
6783070,8030,8718
7173729,8030,10769
3095425,8031,8987
3137784,8033,12175
4617954,8033,9794
1685600,8034,12068
4559017,8034,9559
2546692,8034,10880
1841841,8035,9742
6880222,8035,8321
9050754,8037,12050
7505637,8038,11295
9625274,8039,9074
9930423,8039,12235
1183833,8040,12664
2818347,8040,8803
9972452,8042,11383
2934752,8042,8875
9363968,8043,11499
9512176,8043,11030
1908375,8043,12587
9787719,8043,8402
8126341,8045,12150
6159609,8046,10625
7526980,8046,12416
6704553,8046,12759
9998014,8046,9846
7546779,8046,10728
7527412,8047,11712
5561450,8047,11334
4829391,8048,12018
9686538,8049,8183
5649098,8049,8945
6285588,8050,10099
4953238,8051,9869
8766953,8051,8352
9314816,8052,8131
8680753,8052,10981
6021985,8052,12337
4991280,8052,12609
2956771,8052,8312
2962871,8053,10887
2712561,8053,11507
2550513,8053,10496
5049049,8054,12411
1169972,8054,9726
7814050,8054,9628
3927240,8056,11010
2547481,8056,9018
4029562,8058,10645
7647321,8058,11014
5472219,8059,9235
9142103,8059,8705
1785681,8060,8069
7979287,8060,12441
5777459,8061,9265
5497520,8061,12704
4884308,8061,9378
5114933,8062,8260
2662543,8062,8190
8949926,8063,12827
1567193,8064,10668
9418162,8064,8447
9389622,8064,12411
1122597,8066,8932
9560884,8066,10482
2533603,8067,12260
4962659,8067,12270
6479092,8067,10446
1450154,8067,9265
5208821,8068,12782
3306198,8069,9156
9154536,8069,10723
8546674,8070,8347
3304395,8070,10685
4713867,8071,12856
4607826,8072,8558
2835133,8073,10160
5582544,8074,8151
9571646,8074,8566
7823646,8075,9874
5138710,8075,10301
2146685,8076,9317
3844291,8076,12230
4028181,8076,8347
3996808,8077,10892
2902771,8078,12504
7439111,8079,12923
6660769,8081,10797
5466987,8081,11295
8529477,8081,9654
5415065,8082,8584
9463061,8082,11103
2892605,8083,12283
2672075,8083,9088
6356487,8083,12925
6012567,8083,8479
9735323,8084,11856
2203947,8085,9938
9857011,8085,9622
9896797,8085,12230
5782266,8086,9533
3831665,8087,8409
7318012,8087,9187
4682892,8087,10696
8342369,8088,11926
8896711,8089,9088
6424566,8089,8694
5927527,8089,9781
4990376,8089,8974
2826413,8089,11463
4832598,8090,9055
4839458,8090,9218
1662264,8092,8157
9792304,8092,11823
7938067,8092,9288
8000276,8093,12842
1848718,8093,10525
7156911,8093,13063
7880354,8097,8585
6036925,8098,12706
2919968,8099,9949
7626396,8099,10707
2062989,8099,9746
2447098,8099,12368
9087666,8100,11378
7641878,8100,10377
1406174,8100,12449
8272560,8101,9040
6039547,8101,11287
3391143,8101,13062
9618530,8103,11569
1365820,8103,10977
9677661,8104,8992
2037020,8104,9603
2082271,8104,8106
3611642,8106,12830
9884703,8107,11412
2952804,8107,9424
2673107,8108,12103
3692746,8108,12997
4822227,8108,12392
6302874,8108,12715
4820721,8108,8515
6514121,8109,8753
2633172,8109,10185
3203487,8110,10140
6577642,8110,8535
1631732,8111,8124
4065450,8111,10386
7287166,8112,8512
2717109,8112,8571
5031842,8112,11810
8394880,8113,10106
5227641,8113,8882
8783096,8113,10505
6670623,8113,8882
5097639,8114,9270
9582478,8114,8663
9913643,8114,12854
2765843,8115,11991
3041051,8115,10475
4675580,8115,12032
9353578,8116,8355
4957341,8119,12271
4234996,8119,8459
9782771,8120,12591
2903750,8120,9498
4018674,8121,9581
9100166,8122,9326
4330066,8122,12491
9696492,8123,12418
1224634,8124,11034
9540311,8125,12395
6242237,8126,8398
9145971,8127,12962
5662477,8128,8731
9060867,8128,10119
2736766,8129,11668
5680701,8129,8688
8008300,8130,10425
1678335,8130,8453
2598826,8130,11650
6204564,8130,9345
5601430,8130,12719
6598037,8131,8410
3095477,8132,10545
3307102,8133,8332
4203942,8133,8416
8250546,8134,8528
2028420,8134,12377
9214950,8134,12210
3955749,8135,9570
6978442,8135,12704
2780795,8135,12379
6102615,8136,11740
4381898,8137,11366
6498539,8137,10913
9235400,8138,10172
9712084,8138,8255
7122892,8140,12546
1109458,8140,11263
6027854,8140,13008
7207090,8141,12350
1801325,8141,8885
6137842,8143,10294
2936421,8143,9160
6077827,8144,12880
9287423,8144,10073
5592876,8145,9045
1996297,8145,11771
7967132,8145,12326
3958201,8145,8565
7370706,8146,10468
7235881,8146,9653
6434915,8147,12662
3386118,8147,8427
5788692,8147,9505
7109146,8149,9606
5563007,8150,8487
3739634,8150,11613
4228551,8152,11033
6824424,8152,10898
3369524,8153,9891
2766566,8155,10327
8780888,8155,9254
7140190,8155,9779
6646028,8155,8260
4843960,8155,9672
3109161,8157,11848
6854004,8157,11989
8937891,8157,11308
6434571,8158,12714
7141315,8158,11551
7344076,8159,12269
1120965,8159,11029
2091407,8159,8625
4998672,8160,11591
2565335,8160,10684
2286945,8160,8894
9461159,8161,11531
8228174,8162,10286
8385034,8162,8954
6123252,8162,9159
5147018,8162,10692
1787190,8162,9484
9125208,8163,9010
8219090,8163,10843
6672594,8164,9422
2660565,8164,12400
5324929,8165,9296
3836200,8165,10984
7570496,8165,9163
6531885,8165,10429
1500835,8167,12703
2626784,8167,11638
7061357,8167,11331
8535922,8167,12405
5796585,8168,13097
1309112,8169,10764
5355860,8170,8811
1599876,8171,12665
2469574,8172,11142
3035357,8172,12363
7997448,8173,9671
4447045,8174,11045
9563048,8175,8382
1664425,8175,8323
6753782,8175,9107
7818581,8175,10528
7619305,8176,11710
3970555,8177,12181
9306142,8177,8505
7579394,8178,9746
4364307,8179,9464
7152451,8179,9483
2210743,8180,8559
7417928,8180,12516
5189178,8181,12250
4875798,8181,8212
1780714,8182,8444
8125746,8182,9865
3346015,8183,10461
2267885,8184,9491
8072900,8184,10374
5716264,8185,12909
4417992,8185,9691
1183926,8185,10615
9185866,8185,8374
5002587,8185,8331
3486779,8185,8410
1724589,8185,8959
7909608,8186,10725
1832628,8186,10170
8303189,8187,12315
8332304,8187,12924
3666695,8188,9639
3373560,8188,9966
1451228,8189,12350
7864052,8189,10688
9612110,8190,11152
2119431,8190,11726
8687388,8193,8891
9306512,8194,9209
3079140,8195,10225
4614768,8195,12375
8287651,8196,9196
8438665,8196,10682
5704998,8197,8720
4648383,8197,12143
9600512,8198,10187
5257934,8198,9009
5244039,8198,12614
9501388,8199,11889
4313659,8199,12389
7917105,8199,12747
1687100,8199,10617
4769219,8200,11952
9550525,8200,9785
8080445,8200,8959
3878714,8201,9702
9449867,8202,10408
2889505,8202,11024
4284540,8202,9495
5003126,8203,11903
2072372,8204,12706
7369243,8205,12850
6389522,8205,8788
5070640,8206,10286
4543476,8206,12501
2199481,8206,8522
1632926,8206,12782
2383402,8207,11515
9373906,8207,9931
8107709,8207,12025
2580543,8208,12371
6931726,8208,9940
2954660,8208,8718
6135171,8209,11991
7255652,8209,10502
1558444,8209,10783
9145589,8210,10607
9942534,8210,9214
5366479,8211,11415
9179281,8212,10949
5283670,8213,9605
9002189,8213,8282
2564045,8214,11016
6299026,8214,8359
6438951,8215,9198
6557650,8215,12617
7412921,8216,10096
6034920,8216,11748
2011645,8217,12290
9915755,8217,10220
1353800,8217,11180
7883147,8217,12240
6182489,8218,12566
2279698,8219,12566
9668935,8219,9843
2718028,8221,9993
1570464,8222,11817
8791817,8222,9175
7057598,8223,9853
6539464,8224,8468
8738068,8224,10998
3887200,8224,10279
6732706,8225,9768
9130979,8225,11136
7926982,8225,11620
9740599,8226,11801
5748619,8226,12860
5807523,8226,12989
2347392,8227,9568
8340846,8227,9092
8074037,8227,9612
5195303,8228,10405
1096156,8228,9864
9754810,8229,9589
1156970,8230,10060
1368163,8230,10733
1533248,8230,11259
2345628,8231,11124
3437702,8231,11612
6616301,8231,9218
4490467,8232,12528
6433831,8232,10112
8730575,8232,10960
9941561,8232,12628
3104586,8233,10793
7617294,8233,9711
6063366,8234,8385
7135302,8236,8986
3842611,8237,10823
6694085,8238,10392
4038940,8239,10372
2491967,8239,13085
6677959,8240,12227
3598785,8240,12775
9588094,8240,11939
7627097,8240,10433
4525637,8241,8855
1595452,8241,9688
1760525,8242,11312
8288744,8242,11477
5051729,8242,12768
4029615,8243,10048
3992449,8243,9103
8892942,8243,9608
4369252,8243,11020
6845142,8244,8335
5485398,8244,10269
8560093,8245,13131
5879108,8245,9321
8668388,8246,10388
3818508,8246,8675
1506805,8246,12845
5919717,8247,12124
4931485,8247,10486
9031201,8247,12862
8702762,8248,10094
4716843,8248,12815
3590664,8249,11673
4879055,8249,8374
7018337,8249,10755
2190239,8249,8922
7254412,8250,8373
6852826,8250,12784
6692925,8250,11430
4423939,8252,9500
2194276,8252,9897
5571733,8252,10799
2258854,8252,9069
4367544,8253,9318
4147709,8254,12472
9081630,8256,12551
1245610,8256,13114
6849932,8256,11063
7428620,8256,13018
2236596,8257,9640
7205032,8257,11966
2000703,8257,11878
3001942,8258,8874
7883112,8258,9694
7268970,8258,8822
7759530,8258,10079
9790700,8258,11574
6585321,8259,12764
1989759,8259,8849
7655718,8259,9120
6513877,8260,11950
7417211,8260,11266
8444436,8261,13250
9498148,8261,12991
2615505,8262,9731
1775126,8263,8461
1430475,8263,11050
1427481,8263,12280
5222549,8263,10659
2749966,8264,11186
8189411,8265,13048
4153876,8265,8405
9641110,8265,12738
4091507,8266,8901
6996175,8266,12465
1296061,8266,12285
2798677,8266,8351
3337199,8267,10033
6451234,8267,9876
6190138,8268,11167
2004572,8269,8597
5558336,8269,11477
1573209,8269,8995
5353127,8271,11749
3190749,8271,12005
1996934,8271,12707
1942106,8271,12432
4091172,8272,8736
9510727,8272,13163
7711879,8273,12837
8683811,8274,9391
7989401,8274,8398
2844746,8276,11592
8216096,8276,10526
8654631,8276,11577
1689335,8276,8525
6776104,8277,12294
3101891,8278,9938
6741356,8278,9678
6407325,8278,10004
3596662,8278,9436
6248378,8279,8879
5226549,8280,12498
3089834,8280,10686
5919211,8281,12209
2355775,8281,9916
1047293,8282,9187
3333103,8283,13210
1082652,8283,9550
2925337,8283,9742
7757547,8283,10373
8826037,8283,8416
8376877,8284,8644
8572506,8284,9095
8776631,8286,12203
3436349,8286,13065
6899154,8287,9924
1038582,8287,9697
4546991,8288,11587
9017608,8289,10939
8269450,8289,11255
7663797,8290,9692
4875608,8291,9132
8105345,8292,11258
9277611,8292,9639
6515934,8294,8965
3723466,8294,9559
1692637,8296,8298
1289438,8296,8498
4467871,8300,12248
7347603,8300,12173
7577073,8300,12479
8956256,8301,10086
3443467,8301,12797
6281553,8302,12450
8607855,8302,8403
5698239,8303,9675
1659558,8303,8753
6852445,8303,10812
9220136,8303,12702
2212098,8304,8833
5957403,8304,11128
3595934,8304,10159
5486388,8304,12723
3041212,8305,12825
4446143,8306,8518
8916355,8307,11176
3325855,8308,10093
6880112,8309,10903
6092791,8310,8351
6815914,8311,8864
7997474,8311,11980
3544210,8312,8410
9493613,8312,10313
4594063,8312,10224
7802280,8313,10901
6471764,8313,12642
4790922,8315,13103
6312570,8315,8994
6217637,8315,10625
7397763,8315,10933
9267977,8315,10310
4415797,8316,8846
7798534,8318,9735
4802977,8318,11195
6589549,8319,11176
9011623,8320,10681
1666384,8320,13194
1934378,8320,9730
3575953,8321,12809
9618149,8321,10874
8916738,8322,8393
9776971,8322,12452
9766286,8323,9184
4297805,8323,9878
5215206,8324,9730
2181364,8325,8651
2596197,8326,12343
8449140,8326,13163
3061417,8326,12341
6462905,8326,8903
7607256,8327,12138
9964439,8327,12235
1451272,8327,11824
8541826,8328,12882
4001182,8328,9971
7049155,8328,8398
9346881,8329,12657
1678520,8329,11434
1324609,8330,11269
1613331,8331,8860
9469440,8331,10059
8848101,8331,12480
7500064,8331,12914
5559206,8332,9263
6895622,8332,11147
2606727,8332,10324
6207204,8332,12024
6208762,8334,10933
9888521,8334,11828
1716496,8334,8446
1873379,8334,8834
1488701,8334,12433
8646706,8335,12997
7860433,8335,12498
5320798,8335,8916
9350370,8336,10669
1806930,8336,11345
7118375,8337,13304
2476241,8338,12547
2400699,8339,13010
1119531,8339,10428
6499001,8339,12607
3445670,8340,9962
9766233,8340,11461
9572859,8340,13239
2732547,8341,8364
4603082,8341,12248
7045128,8342,10727
1846480,8342,12075
5309252,8342,11910
3965783,8343,11689
1602023,8343,12613
2871729,8343,10144
4614149,8343,11084
2627858,8343,10035
3217299,8345,11172
3489018,8346,12947
7224187,8347,9952
4970436,8349,11207
9138139,8349,12127
7328357,8349,11496
1624041,8349,10786
7688495,8350,10027
3346342,8350,10360
9993326,8350,12312
2149953,8351,11678
1486259,8351,12258
5615554,8351,13325
8556974,8351,8836
7830423,8351,10229
1370577,8351,12698
4240366,8352,12350
8912336,8352,13241
4176569,8352,8661
4131094,8352,10823
3022563,8352,10003
1427519,8352,11900
7780210,8353,9473
9852538,8355,12378
1217584,8355,10763
1867814,8356,10724
5412571,8356,11740
8912406,8356,11926
3762927,8357,9317
8642770,8357,12022
2315065,8357,12112
2515708,8357,12283
8838697,8357,10951
3944129,8357,8976
8621696,8357,11145
6828259,8358,11394
3417731,8358,11868
1673695,8358,9458
9030836,8359,9116
8431810,8359,9919
8821334,8360,10570
9609810,8360,11330
9367096,8361,9206
4423882,8362,9079
6048614,8362,11031
2541490,8362,9564
5491441,8363,11855
7835700,8364,9454
3568305,8366,10960
2786232,8367,9853
7591891,8367,10846
4967439,8367,13145
4174728,8367,11219
3016772,8367,10746
5983599,8367,9003
5838984,8368,10081
2848194,8368,9453
1554619,8369,8816
2086255,8372,10982
6687747,8373,10336
6429235,8376,11455
3420213,8377,12390
6772392,8378,12610
1237337,8379,11831
4222404,8379,13260
4831308,8379,10538
9389237,8379,9511
8170669,8379,13238
2676268,8380,11794
2152786,8381,13057
8235410,8381,10857
6599839,8382,8449
7350645,8383,9821
1029584,8383,11186
5558395,8384,12333
6394306,8385,12735
5874043,8387,11705
7991644,8387,8782
6705149,8388,11131
5339536,8388,12886
5453108,8389,10012
3164718,8389,9633
2223575,8389,9678
4344319,8390,9562
2142414,8390,13030
7875617,8391,10245
7325427,8392,9858
8421553,8392,11260
4407211,8392,12262
9500345,8393,11934
4345164,8394,12278
1852628,8394,8983
3768218,8395,11200
4387311,8395,10533
7681521,8396,11225
7967709,8396,11559
6222145,8396,9564
6710490,8397,10646
6376726,8397,8601
5222176,8397,9036
6400994,8397,13080
7522635,8398,12963
6516777,8398,12701
9342734,8398,12062
1999207,8398,12014
1669346,8399,12872
2112898,8400,11955
6706150,8400,9399
7544796,8401,12830
7828430,8401,10773
3300365,8402,11716
7737368,8402,10957
2331404,8403,10603
7173141,8403,11369
4474416,8403,12498
9905966,8403,10518
8734486,8405,10878
8368016,8405,10128
7932290,8405,11485
4791492,8405,9189
7315390,8405,13085
9897782,8405,9397
4641126,8405,10087
5497394,8406,11898
3041247,8406,10343
3561182,8407,12179
8183166,8407,9467
3756094,8407,9132
9356619,8408,11258
4777827,8408,13134
8544766,8409,11902
1728222,8410,12036
7863763,8411,8977
2367864,8411,8997
6448563,8412,13111
6873029,8412,9911
9094312,8412,12543
4178513,8412,13333
4271872,8413,10013
4567350,8415,9345
6674624,8416,8954
2648707,8416,12971
4688354,8418,8738
7909823,8418,10062
7394983,8418,11004
2918565,8419,11851
7667587,8420,11563
6029116,8420,11603
9540060,8421,9908
8570077,8422,12015
2525068,8422,9780
5873949,8422,12242
9665989,8423,9429
9674719,8423,9324
9405561,8423,12104
6148674,8423,12672
8109321,8424,11140
7153954,8424,10539
6825541,8425,9732
9706626,8425,11560
6267718,8425,9989
8684907,8425,10000
6888456,8426,10092
5524210,8426,11640
5998517,8426,8895
7909297,8427,9730
3146671,8428,8554
4745368,8428,8724
2738576,8429,13020
1453807,8429,9205
6856454,8430,12329
5600983,8430,9482
5486917,8430,9131
8643520,8431,10954
5013070,8431,11887
2429248,8431,9142
2884111,8432,12215
6636053,8432,12004
2448757,8432,10620
4690973,8433,10004
5221609,8433,10628
1530225,8433,11606
3452754,8433,11591
9642330,8433,12143
6986043,8433,11107
6374371,8433,11080
7230671,8434,12863
1366894,8434,9801
8377204,8434,9967
3120504,8434,11141
9616699,8434,9521
7352745,8434,10610
5258834,8435,9122
3371312,8435,9736
3394437,8437,11463
3241292,8438,13285
1526860,8438,12904
1720376,8438,11502
5864376,8438,8891
1422560,8438,12521
9355031,8439,10328
8686059,8439,13308
7385768,8439,12725
6403106,8440,12151
9011982,8440,12846
9427159,8440,10744
1248855,8440,10808
4653819,8441,9038
1341848,8441,11674
8576556,8443,8694
5913528,8445,11811
6593685,8445,9317
2710658,8446,9807
9954324,8446,10939
7136832,8446,12427
6035807,8446,12789
9882092,8446,12715
5432626,8446,12668
9939309,8447,11011
3030879,8448,10956
9129168,8449,11694
5481166,8449,11105
3152079,8449,12486
5481713,8450,9773
2943595,8450,12986
4196202,8450,12196
5300648,8451,9598
5449935,8451,8517
6359784,8452,10725
5291730,8452,13245
7737807,8452,10049
3165828,8452,8697
1984518,8454,8697
3825293,8454,11839
8585029,8455,12630
2146203,8455,11311
9802426,8455,9896
8417571,8458,13003
6097322,8459,12547
9602312,8459,13267
7361194,8459,11590
1883899,8459,12622
9333034,8460,8663
4319449,8460,11417
6061763,8460,13028
8494034,8461,11557
3979263,8462,11615
2092589,8464,11797
3684843,8464,9990
7672738,8464,9029
2785288,8464,11543
1238534,8464,11167
8581872,8465,11932
1194858,8465,10704
9782103,8467,12554
3568811,8468,11684
7637614,8468,8564
6509968,8468,12563
6608635,8469,9665
5769567,8470,11264
4389844,8471,10730
9716954,8471,12634
9049425,8474,9061
8242251,8474,9778
4027106,8474,12565
1622331,8475,12298
2016029,8475,8810
9032636,8476,10855
3013221,8476,12238
2084594,8476,9238
7424457,8476,11633
1721131,8476,13270
6526742,8476,9293
9933668,8477,11413
8426211,8477,9547
2871471,8478,12792
5247939,8479,10447
4822528,8479,10839
2072258,8479,11756
8236292,8479,8688
1648577,8480,11620
2447447,8481,8760
7792880,8482,9169
7072030,8483,11116
2068926,8483,12479
7604296,8483,12364
5058264,8483,12992
8106131,8484,10722
6950177,8484,8956
7677283,8484,12013
9707529,8484,12295
8665903,8485,10562
4494257,8486,11741
3531587,8486,9430
5524813,8486,11190
7956379,8486,13123
5830739,8487,13337
3550885,8487,12911
2146470,8488,9778
1869747,8489,12991
2699920,8490,10297
3190693,8490,9041
2532852,8491,11093
6605378,8492,11888
9325260,8492,8763
2867562,8493,11712
6387594,8494,12565
9018593,8494,13050
4110956,8494,12821
1244659,8497,11741
6930882,8497,10262
4204880,8497,10689
8484614,8497,12940
5746666,8497,8744
9546028,8498,8891
4352404,8498,10085
1354977,8500,10464
2558418,8500,10873
1095693,8500,12632
6871627,8501,12588
9985769,8501,11291
8233653,8501,8660
2070324,8501,10993
5356978,8501,9299
8802038,8502,11203
4948960,8502,11809
6911783,8502,12445
7982136,8503,11689
1382264,8503,11890
5122793,8504,10745
6845433,8504,10163
6029253,8505,12016
9010401,8506,12830
4618250,8506,9245
1723425,8506,12494
8505463,8506,9650
2048368,8506,9170
7356646,8507,13132
4902655,8509,8930
4331991,8509,8790
7084688,8510,11763
9970245,8510,12830
6376930,8511,9663
4766524,8511,12968
8656544,8511,9678
9942458,8512,9661
6925143,8513,8517
8765170,8513,10816
8297912,8513,10651
7548539,8513,11962
8509935,8514,8679
9288313,8514,9148
8560551,8514,9638
8433577,8514,12439
8644919,8515,12502
7851334,8515,11702
1099613,8516,12064
1868676,8516,9553
9957379,8516,13409
5182432,8516,8646
7917161,8517,13229
1210742,8518,9765
7664088,8519,10986
8759920,8520,12427
5749932,8520,9714
9838281,8520,10015
9136159,8520,11595
8776454,8520,12190
6789493,8521,13061
6612723,8521,10735
4141869,8522,13074
3121727,8522,9530
6023153,8523,12668
7172105,8523,9868
4827257,8524,12116
8914453,8524,10076
9711533,8525,10894
9830583,8527,9642
3632797,8527,13298
5022465,8527,11480
2383513,8527,13271
2286640,8528,9701
3095255,8529,13137
2373130,8529,9228
9254266,8529,11770
3410850,8529,9172
5094536,8530,13297
8890486,8531,8919
5828220,8532,12924
3357152,8532,10878
7007562,8533,11404
7601482,8533,10461
3117527,8534,8656
1772442,8535,12707
1273594,8536,10880
4348173,8536,13477
6033248,8536,12686
5370056,8537,10317
4117590,8537,8662
2332990,8537,8593
4526447,8537,13050
8875242,8538,11253
1680224,8538,12704
2976077,8538,10453
4813401,8539,9019
6347161,8539,8718
8400535,8539,10974
9263954,8540,12560
6762466,8540,8720
4472309,8541,12281
6391391,8541,12206
1515319,8541,11217
6123102,8542,10179
3385262,8542,8793
5354817,8543,13342
2794125,8543,9678
7883239,8543,12868
4072307,8544,13537
8195892,8544,8784
1061051,8545,10559
6781701,8545,11223
2124557,8545,9673
4832855,8545,9749
3588894,8546,11853
6162484,8548,11846
3777047,8548,12025
3017407,8548,13203
9528615,8548,13028
4140533,8548,12975
4916255,8548,9787
6207587,8549,12336
7606873,8549,9612
1631321,8550,11406
1787915,8550,12318
5366622,8551,10897
1380037,8552,12664
2219033,8552,12615
2506789,8552,12133
2995366,8553,12325
9615263,8553,12664
7196278,8554,12193
6047006,8554,10842
6996125,8555,11025
8946496,8555,11381
2347099,8555,13411
2874273,8555,11445
8315002,8556,11108
9095073,8557,11316
7249117,8557,10207
7556267,8558,12561
1639237,8558,10717
4992672,8558,10732
5742844,8558,13400
6984425,8559,13488
8426894,8559,12934
1857932,8559,9928
9630496,8562,11250
4720618,8562,13098
8820637,8563,12424
2336512,8563,11903
9340853,8564,11475
5137211,8565,12559
7008550,8565,9592
7644850,8565,13098
7018884,8565,10049
2234460,8566,10428
7353311,8566,11163
6664396,8567,10530
5521494,8568,10276
8335916,8568,13447
5177716,8569,11929
2420404,8570,10176
5233006,8571,13544
8102383,8571,13434
9570206,8571,8711
4061063,8571,13090
2296970,8573,11693
6069718,8573,12305
6017746,8575,11145
8757268,8577,11144
1680578,8577,9821
4476336,8577,11427
5564685,8578,10616
8243155,8578,13411
1142746,8578,11267
6822284,8579,9753
9811814,8580,13261
7200893,8581,10204
9365045,8581,13159
7559951,8581,10035
5580750,8581,9703
8294521,8583,9918
5572975,8583,10795
8409527,8584,13178
9178702,8584,12051
5768729,8584,12030
4015252,8584,12313
4719183,8584,9390
7187094,8584,12795
1434916,8585,12749
3568444,8587,8850
8413965,8587,12320
6807277,8587,9808
5289705,8588,13130
5840899,8588,9042
4321554,8588,8632
1236098,8589,9627
8130213,8589,11997
4953227,8589,10203
6765417,8589,9187
7584374,8589,10466
5772645,8590,10759
9049277,8590,11479
7841998,8590,13213
5156083,8591,9632
6209127,8592,11038
9498729,8593,12892
5085492,8594,9260
2256936,8595,10080
8908454,8595,10079
5459184,8596,10184
7053482,8596,8914
5395654,8598,13062
1781533,8598,9079
5709882,8598,11298
7978044,8599,11620
3609111,8599,9092
2189316,8600,10379
4880752,8601,9612
3698239,8601,13118
9666890,8601,12957
1205113,8603,13409
5875445,8603,11642
9027550,8606,10421
1202984,8607,9075
1995930,8608,10898
2043675,8610,12734
2877341,8610,9673
8647836,8611,12398
2670134,8611,10191
5014819,8612,10494
5212137,8612,9459
9717815,8613,12975
9523858,8613,12521
8676283,8614,9018
8663235,8615,11652
9324883,8616,9789
1222080,8616,12813
8928856,8617,10019
7439413,8617,10833
6466374,8617,10044
8169188,8620,10660
9822125,8620,12509
8321744,8621,9898
5985233,8623,10841
6616016,8623,12773
6416711,8623,11324
3183480,8624,13095
3897306,8624,8955
4402023,8624,13344
8360694,8625,9567
3538905,8625,11876
1342543,8626,10441
8369230,8626,12707
6863976,8626,8988
5654206,8627,11695
4080286,8627,12991
4274036,8628,8891
3298207,8629,13034
6592103,8630,9172
7656188,8630,10520
5087427,8630,10274
7750401,8631,11948
5615111,8632,9160
9795973,8632,13081
4668171,8632,9680
9513661,8633,9987
9928979,8633,12695
2467971,8634,9981
9349716,8635,10379
7164242,8635,12722
6661696,8636,10716
9049420,8637,9853
7806506,8638,11402
9673138,8639,9829
1617288,8640,8772
4153427,8640,9728
1194124,8640,11207
9958455,8640,11899
7124871,8641,9090
2530583,8641,10407
5885382,8641,10376
2144875,8642,8770
8664683,8643,12395
3211588,8644,10776
3623797,8645,11191
8746354,8645,11171
8143797,8645,13405
8424481,8645,10681
9076610,8645,13192
8073861,8645,10287
3091461,8646,12144
1826336,8647,10902
3951011,8647,10716
8335436,8648,12996
6428878,8648,9193
3629527,8650,10114
9491529,8650,11290
3458845,8651,12223
4034950,8651,11836
3816648,8653,8726
8036847,8654,12765
7777145,8654,11277
3465820,8654,13201
5916252,8655,9060
6566280,8655,10327
1181884,8656,9141
6142923,8657,10236
9086076,8658,10771
9811449,8658,11065
7454334,8658,9899
1332937,8658,8763
4787605,8659,12393
2748864,8659,11559
3718476,8659,13083
7342030,8661,11233
8347276,8662,13122
9136021,8662,10330
7745470,8662,10528
2761818,8663,9742
6403232,8663,9053
8762026,8664,13105
8059466,8666,8783
8304828,8666,9217
4650460,8667,10296
8892298,8667,10451
8818230,8669,12590
2820149,8670,9195
5787826,8671,11285
1476490,8672,10668
2651801,8672,12487
5700513,8673,10657
5903164,8674,9778
3862734,8674,9906
6058968,8675,10360
6059340,8675,10742
5849070,8676,8827
4491481,8677,10438
2417189,8679,9416
3663351,8679,10200
5420780,8680,12627
5941285,8680,11859
5030494,8681,11306
2113396,8681,9823
6384293,8681,12913
9665586,8681,9254
1366712,8682,10603
6085887,8682,13540
3417110,8682,13637
9917246,8684,13544
6088191,8684,9108
2597505,8684,10777
7760507,8684,10740
7667603,8684,9309
4200642,8684,10280
1597210,8685,13261
6420269,8685,8782
6956939,8685,11033
5560622,8685,13108
9258644,8685,11379
2806589,8686,11252
8636791,8687,10209
7646083,8688,10002
8888092,8689,12524
8308849,8689,11061
2498004,8690,10286
5159422,8691,12905
9178521,8691,9258
2576069,8691,12950
3200249,8691,13662
3929668,8692,9061
7978127,8692,13131
8114264,8693,9768
4546410,8693,10572
7168004,8693,12280
5309363,8694,10500
6375722,8694,11471
7946658,8694,9081
6522479,8694,9299
2507235,8694,13390
5327902,8696,12802
6388152,8696,13279
5957017,8696,13126
3509794,8696,12892
5558415,8697,12573
5396575,8697,12170
7917944,8698,11420
1857831,8698,12382
2529953,8698,12973
2521300,8698,9285
7535258,8699,9138
3151674,8700,13287
5450558,8700,11397
4805142,8700,12941
4105905,8703,9128
6541235,8704,12048
2671490,8704,10181
9237238,8704,13250
5332148,8705,11690
7416019,8705,12571
1968747,8705,10811
3087439,8706,12857
4808436,8707,11875
9554477,8707,12767
2021114,8707,11992
8291429,8708,8748
1840451,8708,10254
7506317,8708,10648
9418892,8708,13687
4499977,8711,9145
5501693,8712,11487
9136855,8712,10828
8685570,8712,13405
2888585,8712,12272
2373669,8712,11831
3161243,8713,12464
7702053,8713,12873
2668603,8713,13048
4236205,8716,12367
1954383,8716,13088
2787530,8716,12509
1399213,8717,9191
9652897,8717,11172
8047965,8717,9185
8363125,8717,10291
6311836,8717,9448
1997167,8718,13487
3001234,8720,12104
2631234,8721,11131
4069133,8721,11527
2482810,8721,11668
3039423,8721,13488
5983573,8721,10179
8389423,8721,10473
6408967,8722,13540
3805603,8722,11956
7079467,8722,13312
6784729,8723,10795
4910787,8724,12856
7113089,8725,9568
6430955,8725,11952
5095455,8726,10033
6288221,8726,9437
4470225,8727,10250
8546753,8728,12252
2513644,8728,8962
8661690,8729,12293
2315965,8729,10914
9365746,8729,11306
9076595,8729,10538
5224532,8730,11588
5353693,8731,10956
7015854,8732,11222
6964698,8732,12035
4941735,8732,11398
9355436,8733,13722
9038026,8734,9622
9387294,8734,9572
7182734,8735,12825
2229551,8736,12295
3745047,8736,9427
8749678,8736,13048
9451435,8737,12853
6248023,8738,11235
1283608,8738,13024
1910100,8738,10329
4223116,8738,11576
6628705,8739,10599
4220126,8741,9748
6558775,8741,12950
5690209,8742,12229
1918543,8742,9582
6830547,8743,9395
8439925,8744,11517
5344836,8744,13403
2252783,8746,10897
6882459,8746,10455
5698078,8746,13469
2045305,8746,10871
1941579,8746,11413
5600195,8747,12530
5129230,8748,8754
4370742,8749,12636
3870151,8749,12359
5778795,8749,11209
1705999,8749,8977
2583854,8750,12395
8066193,8751,9175
8368029,8751,10778
5586477,8752,10741
3337143,8752,9744
5124356,8752,10645
9582271,8752,9129
7886941,8752,12589
4108810,8753,13590
2668938,8754,10094
8630605,8754,11540
3483340,8754,9048
6354112,8755,9826
4418962,8757,12673
4935530,8757,13070
9745348,8757,10669
5420137,8758,11842
8806498,8758,11099
6898115,8758,12077
7515814,8760,10899
2527986,8762,12554
8375999,8762,11273
2935171,8762,10518
7800260,8763,13247
4498219,8764,8987
9827989,8764,10654
9039236,8764,9833
5243496,8764,12730
7899326,8765,12590
5152939,8766,12635
5194408,8766,9399
6394454,8766,10607
1591782,8767,12051
6199881,8768,10330
3863657,8768,12860
5726536,8769,10326
5652361,8769,10021
7790920,8769,12919
8445785,8770,12469
2665825,8770,9383
8941502,8770,10354
1315208,8771,9248
9081868,8771,12750
9804310,8772,9330
3113054,8773,12626
2583772,8773,10202
7445298,8773,11810
9005806,8773,13598
6093394,8773,9421
1649466,8774,9059
9795092,8774,12945
5597900,8774,12448
4413364,8775,10039
3597740,8775,10077
1468600,8775,11427
5974804,8776,13488
7730573,8777,12748
9278488,8777,11376
4941330,8778,11524
6936544,8778,10242
5661553,8779,11363
7417860,8779,12334
1687364,8780,10032
2451800,8780,11841
1360170,8780,10516
1992441,8780,13459
4387930,8781,9427
9080889,8783,10817
3356680,8783,9456
4657263,8783,12554
7504738,8784,9071
9681075,8784,13484
4594813,8784,10000
5099669,8785,12996
7304503,8785,8801
3665454,8785,9151
5771263,8786,12658
7777238,8787,13692
6852189,8787,12616
4843109,8787,11115
1361617,8788,12134
4680391,8788,12559
7308504,8789,10016
6664480,8789,12758
4802030,8789,9540
2262079,8790,9666
4310292,8790,11113
2148720,8790,9202
5851335,8791,12753
4227559,8791,11182
1946428,8792,13116
7570835,8792,13112
1842447,8792,10732
1680093,8793,9915
5719054,8793,12547
4631819,8794,9913
4768832,8795,9435
1535620,8795,10774
7757419,8795,10129
3650945,8796,10424
7168177,8796,10244
1681314,8798,11104
3039920,8798,13325
4553031,8799,11258
1263898,8799,10147
9157007,8799,13692
8694565,8799,10106
8766366,8800,10578
4042508,8800,13759
9719336,8800,11372
9851969,8801,10133
2436192,8802,11249
7897008,8803,9522
8992832,8803,10870
7873080,8804,10879
3692937,8805,12053
7659664,8806,10426
5919370,8806,9313
8833327,8807,10088
1357996,8807,11376
3850637,8807,11599
4411845,8807,8813
2380355,8809,9378
8824623,8809,12207
3635204,8809,13396
7372382,8809,13231
2206560,8810,11906
6267690,8810,13620
3902313,8811,11070
7322047,8811,13047
4427244,8812,11605
7790331,8812,9397
4726114,8813,12714
7398520,8813,9257
2197797,8813,9232
3228882,8814,12547
5383497,8814,9707
2234599,8815,10259
4607844,8815,10441
9557819,8815,13133
1992774,8815,10961
8033523,8816,12322
5534453,8816,11379
9814605,8817,11855
7246799,8817,11661
8975928,8818,13723
3010080,8818,12420
6998820,8818,8951
8192254,8818,11154
6560564,8818,8973
3284539,8819,9673
4840759,8819,12395
4230615,8819,11501
4053973,8820,8980
7622381,8820,13676
1287132,8820,13038
1193458,8822,13258
2513978,8822,11772
1076031,8823,12846
2856489,8823,11399
2471193,8823,11231
4962395,8825,12371
9350417,8825,9631
7004713,8826,13012
7317142,8826,11225
2690611,8826,11899
9835445,8827,10312
1439864,8827,11776
3587087,8828,13310
4229118,8828,10268
7939248,8829,12826
7986410,8829,12142
8608467,8830,11535
7255012,8831,12830
2545403,8831,10684
5168921,8832,11272
3251504,8833,9822
1405234,8835,10017
5744983,8835,13745
3541617,8836,12131
4356377,8837,9173
7900471,8838,9047
4514840,8839,12380
3658119,8840,9790
9432736,8840,9090
1927973,8840,13744
7688724,8840,11639
8045313,8841,10514
1190538,8842,13302
1810532,8842,9803
4687215,8843,9595
3515250,8843,13043
2129876,8844,10379
2974113,8844,12362
4964779,8845,10109
3836343,8845,12870
1634328,8846,12853
5108652,8846,12041
4298532,8847,13634
5160229,8847,9755
2338835,8847,12273
2473528,8848,9560
9376795,8849,13790
7034880,8849,10912
7353585,8851,12565
4117904,8851,11633
3762067,8851,12446
9825129,8851,11425
7839300,8851,10990
2545148,8852,9439
8702268,8853,13491
5667892,8853,13301
3725708,8853,9895
9044477,8854,11213
9306021,8854,11613
4791287,8854,8900
4092863,8854,11445
2803699,8855,9474
4366573,8855,10490
8512024,8856,11024
8738739,8856,12987
5324274,8857,11974
2592244,8857,12234
2177619,8857,13281
6637858,8857,10960
4817646,8858,13135
7443159,8859,12264
6887195,8859,11958
7341340,8859,12139
4494511,8859,10297
5750547,8860,12728
5568287,8861,11814
5249837,8861,11512
2972004,8861,9869
4546352,8862,12699
1667449,8862,13530
2540762,8863,13042
9802807,8863,10358
9294770,8863,13189
4069637,8863,9388
3504404,8864,13304
6561336,8864,12936
7163465,8864,12863
4242938,8864,9434
1281277,8864,10951
2615571,8864,11517
6065994,8865,9499
4332645,8866,10626
8440111,8867,12687
8487657,8868,9368
5650398,8868,11337
7230305,8868,13468
4817967,8869,9342
7943967,8870,12795
8260175,8870,9664
5635363,8870,11488
6631968,8870,11529
8426283,8871,11071
2181104,8871,12569
6211323,8871,10962
4806253,8871,11637
2528332,8872,12168
3281860,8872,10345
3234946,8873,12902
8031826,8874,9889
4778524,8875,12259
5073478,8875,12815
5796294,8875,12992
6430770,8876,13157
9151323,8876,12249
6756309,8876,10371
6912772,8877,13253
5822326,8878,11952
6259790,8878,10313
9812770,8878,9836
6133384,8879,12657
4790090,8880,10855
2476692,8880,9247
3154280,8881,10085
6169640,8881,13863
5719544,8881,9908
8681017,8882,10770
5529359,8883,11645
8877683,8883,11893
8475293,8883,10960
2152670,8883,9169
5798639,8885,11043
7467988,8886,13556
6077922,8886,11320
8101527,8886,12627
5879843,8889,12909
2249778,8889,11819
3807920,8889,9677
8151566,8889,9892
5033468,8889,11472
4976196,8890,13183
9351832,8890,11820
9555983,8890,9690
2084895,8891,9263
8633372,8891,12195
8745705,8891,13886
9378658,8891,11348
6015611,8892,9432
8310998,8893,11527
5731312,8893,10156
9794301,8893,11170
6012343,8895,10537
8982501,8896,11804
2212456,8896,12830
3367028,8897,11736
9773112,8897,11735
2323487,8897,9520
5245183,8899,11363
9359950,8899,11335
5850872,8899,9992
7762013,8900,9179
1087696,8901,13766
2126332,8901,12196
2270087,8902,10326
7544705,8902,12524
6305877,8902,10313
9769687,8902,9577
9503724,8902,11338
6579112,8902,11902
8872026,8903,10272
1565047,8903,12021
9747199,8904,11555
5132087,8904,10652
1884822,8904,13788
5749899,8905,13478
5379760,8905,9266
9344467,8905,13376
1618680,8905,9237
3969027,8905,12490
4143118,8906,12341
8286507,8906,9331
8971031,8906,9787
4809282,8907,11534
9638333,8907,13372
3727472,8907,11680
2982487,8907,9003
7198674,8908,13817
4085683,8908,12363
5212313,8909,9690
8024689,8909,12852
7441624,8909,12256
2383673,8910,12098
4261139,8910,9983
8758743,8912,11270
5548605,8912,9243
2465292,8912,12182
7493501,8913,11445
3389086,8914,13467
8949142,8914,10608
4188319,8914,12481
6126177,8914,12809
5937493,8915,13623
9434769,8915,9478
6595719,8916,9835
5460271,8917,13386
3088164,8917,9647
5835311,8917,9008
6099068,8917,11142
6078586,8917,11534
9164478,8919,13039
1866937,8919,9647
9273347,8919,11872
3361922,8919,12951
1692608,8921,13252
8227039,8921,13111
6891189,8921,12004
4045896,8922,12038
4651974,8922,9500
9419519,8922,11193
6242099,8923,9088
5404955,8923,12635
5296568,8924,12150
5717088,8924,11550
5187597,8924,9304
6741412,8925,13476
4033110,8926,9150
9671179,8926,11396
3079572,8926,11543
5656350,8928,13191
6390098,8929,12797
1211640,8929,12593
5572534,8930,11311
9530066,8931,11211
8150834,8931,12209
4790802,8931,12542
2205028,8932,11221
6593946,8932,10639
2807244,8932,10080
2386238,8933,11055
7035773,8933,12253
1339776,8933,11469
2038549,8933,12326
8234058,8933,12973
3673775,8933,9836
2061678,8933,10396
8821976,8934,12339
9036250,8934,9090
3120484,8935,9763
5251486,8936,9840
5787616,8936,13291
3672526,8936,11657
5273406,8936,11646
1440826,8936,11555
9081135,8937,11624
8566652,8937,9198
1881862,8937,12668
8887681,8938,12985
4388182,8938,13273
7724280,8938,12498
5041891,8938,12454
6559023,8938,10007
7580747,8939,12062
5169941,8939,13790
1629078,8939,9408
7938999,8940,13696
3888083,8940,10293
8546441,8942,9603
3345732,8942,12104
3221355,8942,10994
6563151,8943,12710
3227390,8943,10284
1736781,8943,9650
2130836,8944,10808
8132014,8944,12834
1618893,8944,10244
6658565,8945,12025
3958183,8945,11858
1507077,8945,10779
2220087,8946,13379
8660470,8946,12372
2188655,8947,10143
5016800,8948,11282
2440172,8948,13472
2721892,8948,13337
9023483,8948,10057
2383367,8949,11846
8255858,8951,11242
7958885,8952,9386
5465134,8952,11251
6495819,8952,10272
4800010,8953,10327
9764612,8954,12076
1211282,8954,13067
8603199,8955,11795
5895435,8955,10298
6843267,8955,13922
5930681,8956,12141
9272870,8957,9380
9142907,8957,11509
3146574,8959,11479
8005535,8959,13286
4866489,8960,10929
9132431,8960,13911
7282529,8961,11036
8922007,8962,12976
8661340,8963,12321
3865804,8963,12898
4581452,8963,13484
5116469,8963,13021
3351382,8964,12344
7854165,8965,12304
4194946,8965,11246
4257617,8965,11573
6380283,8966,13214
2018999,8966,12714
4748864,8966,13370
1303058,8967,11700
3813569,8968,10580
8113799,8970,13636
4870611,8970,10485
8341691,8970,10627
3740662,8971,10015
2088641,8971,12261
6049646,8972,9616
7147112,8973,12178
7521433,8973,13688
2744693,8973,13776
8766006,8974,13631
8251453,8974,9491
7987459,8974,9931
4289981,8974,9394
1228204,8975,9727
9004721,8976,10312
3105328,8976,11906
1489399,8976,11541
4998382,8977,10933
6598568,8977,11447
1828548,8978,9236
1647007,8978,12946
4191288,8978,9924
9492970,8979,13514
6643623,8979,10948
7770277,8979,10915
1162298,8980,11443
2250571,8981,11893
3229801,8981,11483
6392705,8982,13651
5121584,8982,10607
6594974,8983,11747
2723772,8983,11862
6058950,8984,11301
3430061,8984,11317
7724432,8984,9780
1243907,8984,10571
4187759,8985,9632
8777782,8985,12763
6880084,8986,9664
1054479,8987,9848
4487240,8987,10414
7996016,8989,12546
3961669,8989,12628
5190683,8989,12582
6690905,8989,12937
9413648,8989,12713
6916902,8990,13190
9885471,8990,9041
8710856,8991,12020
9103729,8991,11394
2966674,8992,9291
1390844,8992,13059
1687954,8992,13885
8109979,8992,12396
8580128,8993,11412
4574720,8993,9762
7381055,8993,13939
5364924,8993,10786
9473194,8994,9364
1594995,8994,10547
3222049,8994,13064
2712994,8994,13381
8007362,8995,11557
6860378,8995,9582
5875406,8996,9516
1762628,8996,9529
8419071,8996,12106
2516971,8997,13873
3580606,8998,11949
5774009,8998,11332
9907935,8998,13696
9696777,8999,11554
4556429,8999,11126
4360142,8999,10324
5443174,9000,9477
6856029,9000,12708
7500861,9000,13071
3054972,9000,10187
3663440,9000,13049
4189973,9001,11286
5627975,9001,13984
7409003,9001,13041
1950826,9001,12304
1701068,9002,11275
7987373,9002,9420
8201900,9002,11722
4457671,9002,12456
8718760,9003,9932
5580565,9004,12577
5524588,9004,12133
7578203,9005,12176
1410099,9005,12492
5586299,9006,12834
6842773,9007,12573
2858543,9007,12121
7848265,9007,11196
1446293,9008,12641
2191691,9008,13582
1085848,9008,13488
2703355,9010,11002
8282428,9011,11981
1300069,9011,10283
6063789,9011,9407
3458626,9011,9333
2015651,9011,9153
9583518,9013,10849
4761921,9013,13774
9358860,9013,11868
4781457,9014,11218
3735534,9014,9028
3353375,9014,10109
3143732,9015,13327
1369946,9016,12784
5191107,9016,13372
8590333,9016,10089
5165620,9016,11751
8067060,9016,10691
5604685,9017,13343
1304817,9017,11632
9841664,9018,11206
8982353,9018,12597
5000404,9019,12047
8638541,9021,10159
4272946,9021,10889
6755343,9021,13576
5922831,9021,10963
6390421,9021,13914
8677022,9022,11623
2216781,9023,11725
9140966,9023,9578
6164838,9024,12462
2044258,9024,11918
4044672,9025,10511
5108572,9025,12714
2386043,9027,13138
1903320,9027,9839
8558523,9028,9521
3219013,9028,9106
3637359,9028,9700
5258872,9029,10104
1727228,9030,10971
2579759,9030,12671
4895069,9031,13801
2898775,9031,12774
6440548,9031,10125
2338757,9031,11135
5707748,9032,13833
7084272,9032,10980
7371083,9033,11539
4968486,9034,13864
6515349,9034,11517
9205862,9034,11761
1112530,9035,11514
7107745,9035,13482
5048644,9035,12623
3278737,9036,12526
6328588,9036,10880
7362456,9036,12366
3992500,9037,12397
2728793,9037,10005
2262140,9037,9417
8824614,9038,9085
9482630,9039,13501
4893585,9040,9048
1834239,9041,12907
4127743,9041,13977
8273824,9042,9354
9448724,9042,11287
6962125,9044,12972
9043427,9044,10057
3385154,9045,11221
8737745,9045,12700
2002686,9046,10205
1170631,9046,12241
5910694,9046,11352
6625135,9047,13449
2425598,9047,14000
5883056,9047,11840
3971806,9047,13087
1351091,9048,9426
8626898,9049,12872
5269273,9049,11397
2252536,9050,11324
2896674,9051,10765
9751050,9051,10751
7773334,9051,11962
2304640,9051,10263
8216817,9051,10002
8266323,9052,10573
1521735,9052,9404
9869154,9052,13143
1476909,9053,11046
7367081,9053,9384
9539150,9054,10264
9858113,9055,12562
4113705,9055,10525
5507735,9055,10186
2496812,9055,12688
7730266,9056,12692
4725384,9056,13057
5761451,9057,10205
7543492,9057,9718
5347105,9057,12869
9653540,9057,11899
8136692,9058,10710
3820575,9058,12991
9881973,9059,13900
9952263,9059,10408
2635704,9060,13760
9494492,9060,11055
4644348,9061,10374
6505445,9061,11982
7438419,9061,12997
7423996,9062,11114
2299732,9063,9514
5009957,9063,10409
4646590,9063,11825
1819650,9063,13191
4619710,9064,13702
5781505,9065,10117
6624469,9065,9105
3296159,9065,9755
4649826,9066,11323
8530740,9066,11440
2945264,9067,10542
6154827,9067,11635
3654589,9067,9344
9713714,9067,9826
9133263,9068,9876
8885243,9069,11855
3359009,9069,13453
2859413,9069,11610
2285162,9069,12103
6186707,9069,12446
9358497,9070,11348
5529464,9071,12363
5003843,9072,12597
8487823,9072,12988
4420764,9073,13408
2812091,9073,12044
4024166,9074,11038
2270848,9074,11147
6541716,9075,11851
8707728,9075,12499
5869863,9075,10970
7041698,9075,12982
1475187,9075,12853
5732491,9075,9531
8160855,9076,12838
5117899,9077,13117
2049744,9077,13662
7952074,9078,13283
9056730,9078,10871
5683109,9079,13041
7443519,9079,13997
1076203,9079,13273
1121771,9079,11234
7817750,9079,10750
9943678,9079,13565
2456372,9079,9116
8850615,9080,12730
6693898,9080,11654
5360606,9081,12113
8215270,9082,13120
3986358,9082,13952
4084308,9083,10366
2494610,9083,11932
3940040,9083,9704
1657392,9084,13070
8976492,9084,11922
3191664,9084,9779
1224260,9084,13461
7555803,9085,12482
2985886,9086,12457
8671465,9086,10279
1542019,9087,9907
1993265,9088,10520
1401599,9088,10879
7878648,9089,13348
9419264,9089,12831
6957734,9089,13294
8366085,9090,12902
8885893,9092,13444
3149345,9092,10272
8787648,9092,10757
1032812,9093,10129
8878021,9093,12488
9940898,9094,13215
5986652,9094,14051
3390560,9095,10198
7379608,9096,10106
6106548,9096,10885
1041037,9097,10241
3342155,9098,13367
4203905,9100,11110
9349643,9100,9288
7118071,9100,12950
5398885,9101,11731
3643439,9101,10951
7431349,9101,11339
9950037,9103,12530
8202777,9103,10120
3948257,9104,13966
1428569,9104,12499
3976695,9105,13378
2856411,9105,13167
4739709,9105,9225
3904442,9105,9172
7354967,9106,12169
8646014,9107,13644
5197294,9107,9413
6772493,9108,13228
6819355,9109,12746
8136489,9110,14081
8799796,9110,10889
9048097,9111,12411
4436875,9111,10013
1605063,9111,9336
3651342,9112,9859
5160150,9112,13071
1412738,9113,10808
4258476,9113,12022
3167998,9114,11292
7916845,9114,11332
3420342,9114,10360
7057658,9115,11919
6709069,9115,11784
4142796,9115,9971
3814587,9115,10920
2522657,9116,9699
5812642,9117,12963
7802314,9118,9527
2160947,9118,11127
8842336,9119,9819
6600857,9119,10859
3951999,9119,9951
2997187,9120,11716
6891549,9121,10265
7420187,9121,11602
8575249,9122,10014
7953954,9122,11899
4295581,9122,12867
6250958,9124,12519
2885504,9124,12039
7055754,9126,11271
2948796,9126,12940
8554585,9127,11540
4466005,9128,13073
2617588,9128,10094
6611244,9128,10868
2286301,9129,10000
4462030,9129,11961
7415092,9131,9999
2428705,9131,11390
3337081,9131,13219
1295946,9131,12845
9885965,9131,11128
2044656,9132,9147
5584122,9132,13943
6426431,9132,9685
4693604,9134,10333
1793938,9134,13302
4363219,9134,13340
1343403,9135,12279
1923804,9135,10475
3601074,9136,11381
7623376,9136,12609
5472698,9136,12391
6607530,9136,14035
6000347,9137,13404
5585830,9138,14092
6214302,9139,14130
2538226,9139,9585
2610704,9140,12819
9046083,9140,13359
8239633,9141,10470
8425718,9141,12929
9522658,9142,11612
5436904,9142,11811
9052052,9142,10607
6032958,9143,10874
4739839,9143,12781
8619176,9143,9612
9943114,9145,10265
4735744,9146,12875
8358329,9146,10116
3914258,9146,9344
2212381,9147,12435
3780034,9148,10289
4010844,9148,10054
4203394,9149,11818
7598484,9150,11267
3144612,9150,9932
7377125,9151,12695
9578539,9151,10753
1061211,9151,13581
9289022,9151,10289
4813863,9152,13026
5961417,9152,13832
9915604,9152,12457
8502932,9153,10200
6223629,9153,11744
2870879,9153,9900
3494672,9153,9965
2164855,9153,9820
7313724,9154,12471
8949118,9155,12707
9388805,9155,10689
6965000,9155,10564
7011327,9156,9699
4500311,9156,12600
4805755,9156,10846
1301794,9156,12448
2113517,9158,13075
6303135,9159,12772
2332285,9159,9607
8016037,9159,12081
1542535,9159,11697
4481504,9159,9639
2215092,9159,9659
4427249,9160,14153
7107200,9160,10312
4256379,9161,9510
1789854,9161,13677
1648789,9161,13747
1345831,9162,12962
7696000,9162,11923
1055640,9162,9593
8249008,9163,9530
5335449,9164,12343
1902940,9165,14067
7461151,9166,13585
8117099,9167,12197
3342341,9167,13171
1371221,9168,11547
6011787,9169,10710
7683166,9169,9293
8813561,9169,10686
4748420,9170,9874
2494280,9170,10424
1002456,9172,12155
6631355,9172,10929
1053350,9173,13821
3146511,9174,13966
2170222,9176,12860
5354881,9176,11490
8507011,9177,9866
7441864,9179,12908
7132511,9179,11220
5329540,9179,12528
7934260,9179,11883
6849168,9179,11651
7504570,9180,10723
5549918,9180,13141
7330939,9180,12368
4780840,9180,11139
3371385,9182,13790
8689087,9182,11432
8568929,9182,11665
9645550,9182,14012
1219028,9182,13641
3262933,9183,10479
6388166,9183,10556
8146808,9184,9246
3898659,9184,13782
5443283,9184,13341
6920758,9185,13858
5744535,9186,11293
3625692,9187,12854
6065189,9188,9697
6055404,9188,12997
6602558,9189,9517
5496645,9189,9470
5755576,9189,10992
8601987,9190,12148
2798882,9190,12766
1346725,9191,9294
7042312,9191,10589
3065089,9191,14123
9476858,9191,9196
4213132,9192,13296
3603322,9192,10164
6432914,9194,13487
5847712,9194,10511
4108820,9195,10688
8932539,9196,9805
8285556,9197,9716
9612203,9198,12564
3880338,9198,11017
5155527,9199,11730
3662383,9199,9994
8574011,9199,9214
2119976,9199,10232
8255838,9199,13840
4930721,9200,14032
1677771,9200,13514
1190030,9201,10945
4342465,9202,9340
9977770,9202,12201
5670048,9202,11145
7984791,9202,13351
9700325,9203,13370
2708604,9203,12576
2248002,9204,11103
2661535,9204,9355
4487626,9204,11602
5567071,9205,10756
6668931,9205,11542
1849281,9205,13527
5277748,9205,10304
7705160,9205,12991
6741560,9206,11741
6688061,9207,13558
3465440,9207,10538
2983942,9208,9878
5051558,9209,13754
3382300,9209,12293
9302839,9210,13038
5188101,9210,10415
5982137,9211,12792
7684943,9212,9694
1817433,9212,13410
4599718,9212,10647
6372854,9213,11399
3479868,9213,11022
3651564,9213,11659
7359990,9214,13133
6543064,9214,11834
3503697,9215,10761
4400259,9215,12158
9805032,9216,13082
9755181,9217,14054
7713483,9217,10859
7027971,9217,13983
2671863,9217,13394
5420368,9218,11112
7875699,9218,13195
8353039,9219,10625
2044044,9219,14189
4828249,9219,14103
5466751,9219,13457
5401592,9220,10202
3188844,9220,10418
3874328,9220,13669
5943030,9221,13366
2858482,9221,10878
7152623,9222,14007
6921367,9222,9787
2780621,9223,9296
5299776,9223,11106
6037874,9224,12459
4439134,9224,13106
1125887,9225,11152
4211891,9225,11750
9594666,9225,12965
6967613,9225,11761
2095062,9226,13523
5522370,9226,11740
9951588,9226,11272
8471142,9227,9297
1651854,9228,9422
5676421,9228,9778
6466876,9228,12274
6331501,9228,13469
6843006,9229,12829
1210221,9230,9875
3557707,9231,9404
3454028,9231,11637
2986044,9232,11318
2417242,9232,11962
7625190,9233,10084
8336883,9233,9326
3082117,9233,9544
5725323,9234,11464
1909058,9235,12623
3823962,9236,12648
2476041,9236,13127
8084488,9236,11740
1483571,9237,13687
1133157,9239,12462
7716618,9241,13019
2916351,9242,9476
4211552,9242,11144
7263631,9243,10819
9295307,9243,9466
3729299,9243,10517
6034458,9243,12469
5196924,9244,11809
6820745,9244,13496
9367339,9244,10384
9117259,9245,13309
8295207,9245,10147
1109613,9246,12578
3229271,9246,13733
4005390,9247,12078
9962280,9248,10023
7781875,9248,11250
3186803,9250,13330
6394141,9251,13582
3046800,9252,12668
8889011,9252,9473
5041135,9252,10028
6872805,9253,9584
7445290,9253,11683
2586276,9254,11311
7949131,9254,13233
2772692,9254,11895
6427152,9255,11597
2584487,9257,12739
6200982,9257,13431
2343153,9257,11459
2337834,9257,9683
7452929,9258,13376
2796511,9258,10748
8509121,9258,10753
6352295,9258,13728
6387163,9258,13912
4694694,9260,11503
3676093,9260,12551
9645352,9261,12578
4425068,9261,13830
9965508,9261,10718
4539300,9261,14066
4248203,9262,10663
9940651,9262,13864
2317944,9262,9682
1775660,9262,9712
2346064,9263,12264
7109059,9263,13543
7102353,9263,12808
2980613,9263,9336
7734070,9264,13723
8352754,9264,12624
6203041,9264,9613
7273733,9264,11817
7144622,9264,13376
1697083,9264,14175
1247545,9264,13064
8632318,9265,11627
1493233,9265,11935
7716721,9265,14132
4070041,9266,13467
8207289,9266,12807
2154402,9266,9658
3170558,9266,11632
6527836,9266,10649
6237982,9267,10844
5194258,9268,10159
6055003,9269,11526
7378376,9270,11471
7920526,9270,13904
2663658,9270,10054
3498078,9270,9897
8121026,9271,11191
1024108,9271,12000
1070882,9272,11581
4127472,9272,12963
6485504,9273,13327
1515147,9273,12422
3530223,9274,13927
7985399,9274,10299
8663824,9274,12409
6513157,9274,10468
9159428,9275,11665
8192185,9276,10942
2781911,9277,12406
8487212,9277,11954
9602993,9278,13676
8704508,9278,12838
4636056,9279,12011
9598923,9280,11244
3156788,9281,10913
8873540,9282,10069
3016075,9283,12934
6980051,9283,12297
1324180,9284,10837
1940635,9284,12720
7382749,9284,10462
6669264,9284,13094
2004477,9284,10317
6107671,9285,10405
7004971,9286,12764
4499742,9287,13649
4292322,9287,9516
7452671,9288,13813
3761886,9288,10466
6272240,9289,13858
8379294,9289,9891
2136173,9289,13067
5392996,9289,14047
1966643,9290,13058
8677981,9291,9310
5339905,9291,10519
2278945,9291,10511
9985558,9291,11412
8723349,9292,13144
6295717,9292,13072
4130381,9293,13875
6905082,9294,11917
7156151,9294,11961
3640854,9294,13899
6159197,9295,12662
3826153,9296,11944
2772476,9296,14130
3225476,9297,12536
4577120,9297,14232
6035311,9297,12572
5081802,9299,13822
2299563,9299,11343
3064420,9300,11973
6517070,9300,9842
1888413,9300,10339
4347096,9301,14086
7917823,9303,9733
8480813,9303,11576
3666110,9303,10393
7117467,9305,9332
3972957,9306,12573
3352149,9306,13442
1315185,9307,12683
7406870,9307,10827
4045584,9307,9886
2267065,9307,11800
8224636,9308,11270
9294796,9308,9454
2068382,9308,11726
5367418,9308,12066
4129707,9309,10865
8216074,9310,10414
3620994,9310,13030
5021837,9311,11054
1689870,9313,9523
3818419,9313,13298
2352352,9314,9645
6597898,9315,10710
2467277,9316,13443
2768079,9316,9529
4230351,9316,9585
5097765,9317,9327
1721217,9317,14134
5085641,9317,12404
4114738,9319,12131
3163703,9319,13757
5825408,9320,12156
9070454,9320,11194
7780908,9320,10176
4708409,9321,12555
2276680,9322,13075
4252398,9322,12475
4855066,9323,11772
8933922,9324,13882
3486297,9324,10206
7585501,9324,11923
4294867,9326,9421
2855188,9327,10633
9901121,9327,12471
5237558,9328,13204
2620011,9329,11881
3653781,9329,9385
7606014,9329,9966
2969191,9330,9364
3211455,9331,11217
3719280,9331,11943
7115313,9332,13208
7236153,9332,12221
6441481,9332,10584
5069478,9334,13809
7423039,9334,11822
2417285,9334,11597
5613376,9334,10406
9389161,9335,10978
8430603,9335,14019
7498701,9336,10794
9511245,9336,9602
6338410,9337,10294
5102056,9337,11318
3550690,9337,9570
2115303,9337,10988
9473412,9338,11377
6741367,9338,12859
5981236,9339,11314
6091183,9339,9745
1201620,9341,11797
1813655,9341,12966
9931011,9341,10251
3786841,9341,9918
6238270,9342,13540
4220354,9342,12397
5744953,9344,11437
6389598,9345,14204
9619804,9345,9424
9583810,9345,12014
1581595,9346,13656
4338212,9346,10059
7933267,9346,10015
9288956,9347,11531
7391482,9347,12245
9840121,9347,10487
4258380,9348,14066
8417272,9348,10454
3132783,9349,12903
1350778,9349,10188
6733986,9349,13176
9832125,9350,9572
1536390,9350,13551
9445164,9350,12066
1606141,9350,9833
8372468,9352,13139
7520049,9353,13847
4229158,9354,11702
7598724,9354,10651
9645150,9354,13193
6725556,9355,11241
8999633,9355,11766
3568616,9356,13249
7323614,9356,14003
7292199,9356,9662
2563556,9356,11053
4984396,9357,9671
7703838,9358,9410
2370582,9359,13222
5163968,9360,12772
2187075,9361,11328
2225843,9361,11347
3337538,9362,11492
9755683,9363,10608
1897191,9363,10258
9862157,9364,9602
6984615,9364,9605
4547487,9365,14253
5074579,9365,12615
2858252,9366,10384
6497769,9366,9708
3229317,9367,10535
3570203,9367,12030
2430577,9367,10911
5561538,9368,10790
1522867,9368,11754
2297727,9369,11127
9518087,9370,10278
8344081,9370,9419
6245724,9370,9513
4264215,9370,9408
7248562,9373,11106
6865429,9373,12226
2310446,9373,13379
1754893,9373,14290
3997904,9374,11983
5944258,9374,9876
6042185,9375,10662
9531067,9377,11160
7853167,9377,12899
7319882,9377,13051
5670027,9377,12475
6909367,9377,12182
6217253,9378,14210
9719113,9378,12330
4313552,9378,10545
3199472,9379,13519
8822435,9379,9923
2673466,9379,9732
3651720,9379,9447
3293872,9380,9669
9438818,9380,9857
3075523,9380,11856
4584172,9380,11118
6252527,9380,11705
1914079,9380,11888
2041120,9380,12773
8671973,9384,13264
9294022,9385,11417
8749239,9386,13526
6238205,9386,13187
6979230,9386,13408
1507466,9386,11928
9444995,9387,12072
2619450,9387,14200
6351959,9387,12200
9381318,9387,14304
2810389,9388,11117
7180541,9388,12299
7408220,9388,13270
3670326,9389,9749
2112118,9389,10690
8534799,9390,9529
5834858,9390,12609
6463344,9391,13396
9771648,9392,12283
2576668,9392,11558
5508527,9393,13574
9777024,9393,11612
5042816,9393,10854
6500456,9394,11631
2728686,9395,13900
4276597,9395,13212
7195759,9395,12661
1998643,9395,13050
3964020,9396,13867
1914906,9396,10860
3618476,9396,12295
9286991,9397,13332
6110865,9397,12630
8734292,9398,12400
6033467,9398,9818
5716866,9399,10631
9556154,9399,13228
1064756,9400,12167
3904094,9400,13919
3423534,9401,12211
3043393,9401,13377
3989025,9401,12375
6235987,9401,11822
2482049,9402,12791
6348189,9402,11318
1563510,9402,10837
1334118,9402,12208
6802133,9402,13820
9671459,9402,10723
8511672,9403,11545
9800229,9403,14009
3090968,9404,9810
5293798,9404,10062
2417752,9405,9427
8858731,9405,10294
8594502,9405,12728
6757195,9406,13916
3657355,9406,11445
4454693,9406,14133
8239839,9406,10266
1671195,9406,12912
8660818,9407,10704
5573304,9407,13099
8045299,9408,10655
3519314,9408,9687
6067286,9408,11326
3230149,9409,13859
9363464,9410,11708
3913010,9410,10090
2158547,9412,12937
3566039,9413,12181
2617297,9414,9460
7518348,9417,12153
1900812,9417,9593
4417868,9417,10788
1147421,9418,10768
7565929,9418,14307
9746685,9418,9545
5704364,9421,13000
6964175,9422,11204
8933616,9425,9523
6834132,9428,13514
4043205,9428,9916
2435185,9428,9867
5749920,9430,11786
7204043,9430,11682
9378525,9430,10348
8640113,9430,10535
9047388,9431,9626
4770165,9431,11680
2205867,9432,9750
6945916,9432,13671
8151637,9433,11260
4149311,9433,11913
4309304,9434,12771
4334937,9435,10497
9800056,9435,14258
1385942,9436,13892
2222218,9436,11567
8129258,9436,10580
9043248,9436,11755
7162420,9436,11224
4682028,9436,10721
6990678,9437,10373
4993385,9437,9670
5697692,9439,12413
6164997,9439,14176
4044985,9439,13034
1310333,9439,12627
3593968,9440,13906
8949929,9441,11699
1091192,9441,12495
6731772,9441,14056
8585030,9442,11645
9102127,9442,13150
1232418,9442,10443
8193281,9443,11933
8015961,9443,11191
5851213,9448,12642
2414536,9450,14329
1894546,9451,10631
6604427,9451,12119
6750581,9451,9641
8883586,9451,10833
9781359,9451,10562
8090560,9451,12754
8830571,9452,12031
9830522,9453,10514
1506888,9453,14369
2982115,9453,13350
5627270,9453,11486
3582610,9453,10529
7775325,9455,10576
8599724,9455,11613
6800376,9456,13580
3885817,9456,11727
2905615,9456,10159
3552196,9456,10884
9761002,9457,11641
5076455,9457,13439
1887790,9458,10130
4031774,9459,11189
2257592,9460,11548
2884165,9460,11508
8044955,9460,11536
2795345,9461,14128
9638898,9462,12836
9984397,9462,12976
5228428,9463,12395
2321331,9463,13076
7534869,9463,11426
4397418,9465,10974
1093712,9465,12973
9463090,9465,13324
5522225,9466,13565
1645670,9466,14309
9868457,9466,13392
7996133,9466,10708
1478909,9467,10732
8457341,9467,10858
4107690,9468,13747
6030221,9468,14068
1186696,9468,14291
1315825,9469,13347
7619948,9469,11806
7923824,9470,13017
7078416,9470,12166
1556889,9470,13336
5275233,9471,11900
4631685,9471,12295
9573423,9471,13345
9990643,9472,12873
6121531,9472,12701
8234918,9473,10095
1552173,9473,13833
3033811,9474,14183
6599538,9474,13327
2980516,9474,9829
1024073,9475,12717
2802361,9475,10026
3877690,9476,14024
5256561,9476,12810
8339679,9476,12238
5127765,9476,12919
2572458,9476,13844
5900211,9477,10169
8593074,9477,13209
7302201,9477,9568
3436123,9478,10029
7281765,9479,13239
3744943,9480,9937
1226634,9481,13745
4356613,9481,10833
9907616,9482,10932
9059310,9482,11982
9700698,9482,9659
2355898,9482,11252
5491291,9483,14029
9622254,9483,12836
3459659,9484,10574
1730994,9486,11363
9013700,9486,9957
5816628,9486,12865
7323330,9486,12621
9850602,9486,14122
2960791,9487,10925
5039741,9487,13016
2886985,9489,9868
3837898,9490,10047
2352534,9490,11766
7377153,9491,12518
2758985,9492,10838
5472785,9492,9930
3435513,9493,9637
6852961,9494,13224
1136766,9494,14490
2327875,9494,12798
9336015,9494,11070
6773521,9494,10290
3601181,9496,9908
9875279,9496,10361
6103800,9497,11284
6489555,9498,12968
6236819,9498,14057
9874210,9499,14090
3508476,9499,11737
1808992,9499,13477
9897692,9499,13983
5020179,9499,10511
5526031,9499,11396
8008947,9499,12845
4137731,9499,12941
2765938,9500,11419
9342616,9501,9966
7065061,9501,9673
7790702,9501,13302
2301766,9501,11697
6213998,9502,13439
4325351,9502,13556
3221872,9503,13185
6654407,9503,13558
4408039,9503,9845
6300764,9503,11427
8449597,9503,14106
8824058,9504,10992
2213579,9504,12358
1625638,9504,12058
1872906,9505,12416
2815217,9505,10327
9484556,9506,10550
5278400,9506,12770
9231829,9507,11233
9423590,9507,11691
4287224,9507,12610
2351883,9509,10920
4834093,9509,13078
3041777,9509,13984
1265790,9511,12264
3597206,9511,12647
7625096,9512,12087
2510229,9513,13676
7232971,9513,11641
6388729,9514,9944
5756678,9514,11570
5912109,9515,14508
4599675,9515,14496
3203785,9515,11878
3572569,9519,10948
7266116,9519,13482
1246305,9520,12047
3435381,9520,13592
6588773,9522,12876
1886170,9522,13461
8314497,9523,14112
8284369,9523,13879
3299298,9523,13762
3990165,9525,11767
8470702,9528,13613
5281379,9528,10520
9046619,9528,10918
5780607,9528,13226
1869508,9528,13124
9175470,9529,13016
3693774,9529,14492
8907463,9530,11053
9216197,9531,13777
3218298,9531,13603
9097480,9531,11459
9751615,9531,11700
8585626,9532,11876
1985580,9533,13247
8172621,9536,13939
9621056,9538,10825
8920545,9539,12529
8682587,9539,11950
7280145,9540,12328
2388113,9540,14183
1805414,9541,9676
1326049,9542,10940
7487568,9543,12891
3617227,9543,12276
2938795,9543,13607
8871241,9543,11983
2081851,9544,10894
4934670,9545,11151
9773702,9545,12769
9856961,9546,12042
9486779,9546,13772
7693267,9547,11411
2581461,9547,9998
7167506,9548,13189
1001961,9548,11940
6580442,9548,11588
8419919,9548,12324
5904280,9548,10958
8237214,9549,10102
6441693,9549,9565
5468266,9549,11484
5560927,9550,11223
3901524,9550,10794
9908527,9551,11682
4307752,9551,14019
5415931,9552,13571
5904413,9552,12507
4437071,9553,11709
7327600,9553,14516
9991365,9554,12224
6171114,9554,10847
8487565,9554,12676
3760187,9555,11915
1189215,9556,9687
4326771,9556,10285
4676848,9557,10389
7943275,9558,10442
9936696,9558,12114
7177295,9559,11405
7307551,9559,10764
6749983,9560,14357
8482402,9560,13692
3960609,9560,14504
7752492,9560,9940
7633646,9561,13564
8586470,9561,11589
2704061,9561,10283
3554166,9562,11228
7240102,9562,14009
7109194,9562,10125
8187344,9563,11685
1909183,9563,11517
7841810,9565,10217
7396725,9566,9567
3500064,9566,13509
4026716,9567,10503
1929099,9567,14359
6969359,9568,12963
3945500,9568,12191
6513843,9569,13176
5884443,9570,13094
6397868,9570,12127
7454959,9570,13917
1466702,9570,12731
5234934,9571,9986
3045339,9571,11027
2679505,9571,13636
7346290,9572,11236
1083425,9573,11546
2406082,9574,14538
8288436,9574,10647
7994807,9574,13027
3091980,9575,10289
7041960,9576,9981
5694021,9579,11011
8823447,9580,12711
8302585,9581,9889
7289276,9581,13337
5311456,9582,11979
6922419,9583,12353
5858299,9583,11951
7778289,9584,13630
2291216,9584,13653
4449103,9585,11087
1378526,9585,9593
6314095,9585,12413
1213014,9585,13604
5618016,9585,12747
3623570,9586,12288
3468706,9586,13550
3701198,9587,10289
8942780,9587,13461
5161727,9587,11653
5927005,9587,10401
8115134,9587,13566
1533268,9587,11025
2849712,9587,14456
3487071,9588,14456
6757096,9588,11107
6289462,9589,10025
4499183,9590,11268
7793621,9590,10183
3816897,9590,11318
8116858,9592,14504
7194333,9592,14492
3903201,9592,10515
1814287,9593,14511
3029957,9594,12751
4361061,9596,10228
7761182,9596,11145
9294914,9596,13348
8826879,9597,12269
9449625,9597,14375
6790716,9597,10461
1158510,9599,11119
7342179,9600,10582
7092262,9601,14189
6836926,9603,9848
1160428,9603,12085
9753558,9603,13200
9904462,9604,9766
6714923,9605,13623
3517476,9605,14302
8708218,9606,14308
7184231,9607,14019
4388708,9607,9691
3880064,9607,9935
5232770,9608,9822
1101022,9608,11496
6976923,9608,10647
6875250,9609,9789
8908860,9609,14471
9642219,9609,13978
1383209,9611,11534
6270585,9611,10011
4388649,9613,13412
2400182,9614,13667
6466893,9614,11370
6660050,9614,13621
1632297,9615,13722
3215671,9615,11693
2171978,9617,13061
5886232,9617,13826
1975084,9618,10929
6698392,9618,12130
5151062,9619,13484
7417005,9619,12992
6243553,9620,13644
5749231,9620,12277
9913481,9620,11452
4755954,9621,13067
8071234,9621,10268
3863138,9622,14009
1062225,9623,11649
9661893,9624,11029
6952430,9626,13465
4074595,9626,11504
1382139,9627,9661
8813997,9627,9728
8463947,9627,11165
5939762,9628,11031
2055125,9629,11218
8936303,9629,11301
4373261,9629,11544
2658604,9630,14356
6484484,9630,11716
1677444,9631,10597
7293083,9631,12780
5644976,9631,12335
9999144,9631,11100
7150110,9631,10916
3929101,9631,11674
2269797,9633,12968
1925273,9633,11469
8462766,9633,12279
1832369,9634,13399
5964209,9634,10907
9611287,9635,13225
7665601,9636,13179
2191186,9637,11195
4285753,9637,13487
7187176,9638,9758
4438397,9638,12433
3824614,9639,11396
8390353,9639,10731
2955556,9640,12137
3480736,9640,13301
3797456,9640,10042
3404732,9640,13222
5541942,9641,11532
4780298,9641,10029
5937873,9641,11027
4982547,9642,10694
2444411,9642,14504
4103372,9643,12185
1110573,9643,11941
4365883,9643,12941
3513988,9643,13178
3052504,9644,12187
3478659,9644,13683
4187401,9644,12686
2052520,9645,10515
1033018,9645,11055
6341938,9645,12718
5498583,9646,11645
4693140,9646,12816
8142828,9646,13008
3922985,9647,14448
2315745,9647,9930
3139593,9647,11593
6650096,9648,11765
2833186,9648,12560
5015989,9648,9942
5671351,9649,12475
2132566,9650,10243
5582011,9650,14462
9945813,9650,12904
6190260,9651,12061
8745908,9652,10212
3444599,9652,12213
4793798,9654,10858
5317698,9654,12171
7831454,9655,14597
2231176,9655,10994
8627235,9655,13172
9366253,9656,12623
5401003,9656,11632
8072291,9658,11915
9239171,9658,12209
3260551,9659,13217
3863296,9659,13288
5405770,9659,12279
2178630,9660,12508
9290817,9660,10663
3803758,9660,12843
3226416,9661,12835
8041834,9661,12541
4834245,9661,10894
9270278,9662,11266
7408883,9663,13269
3021668,9663,13206
4708824,9665,10892
5191788,9665,10468
1151627,9666,9747
7802090,9666,12882
8057814,9666,12934
3597031,9667,10258
6591799,9667,13910
4574626,9668,12465
8575954,9668,10435
5927389,9668,14185
4376019,9668,11363
2565767,9669,9828
2288226,9669,13476
5174703,9670,14558
8152632,9670,10823
6449410,9672,13674
6191502,9672,9872
8192578,9673,10097
6830325,9673,12120
5154512,9673,10070
7556819,9674,12531
2818143,9675,11835
3857127,9675,11847
6149823,9675,12180
9693138,9676,13280
4709231,9677,13190
5645391,9677,12305
4952854,9677,11743
9768987,9678,13972
9951585,9678,11497
5075882,9679,14654
1106951,9680,10606
7327366,9680,11854
7582199,9680,10223
4484205,9680,14599
8808509,9681,10957
7347914,9682,13943
2073806,9682,11133
5617193,9682,10114
7028245,9683,12356
2099762,9684,10780
3410009,9684,11629
2307269,9685,12483
8366985,9685,14357
5026168,9685,9836
6102512,9685,11075
7459932,9686,10370
6379981,9686,14586
4065732,9686,13388
1920893,9687,12095
1037923,9687,14572
9184774,9687,11342
6447553,9687,11518
8729113,9688,10646
6267518,9688,11362
2548682,9688,11604
9082098,9688,10425
4541393,9689,11574
3821222,9689,14161
6934455,9689,11438
8720647,9689,11564
7091426,9690,14588
9746122,9690,10724
8421675,9690,11602
6092070,9691,13749
7374095,9692,13552
1061267,9692,11733
5630552,9693,12951
9292891,9693,10284
7271050,9694,10360
5514286,9694,11604
1949043,9694,14182
1331290,9696,9811
8273003,9697,12715
3799014,9697,9879
2108806,9699,9890
5307906,9699,10511
4005255,9700,13836
3086959,9700,12623
5250459,9700,13340
5361031,9700,9834
8785008,9700,9730
6292029,9701,10665
8984956,9701,12323
7642246,9701,12781
3158808,9701,9895
1551317,9702,13410
9946077,9702,11699
6147164,9702,13966
9358985,9702,12734
8833155,9703,11250
5605359,9704,14449
3611977,9704,10282
5250631,9704,14036
3508369,9704,10153
8873381,9704,13261
1048045,9705,14196
7766093,9706,13939
4175460,9707,13971
2926736,9707,11159
9798602,9707,10909
1289507,9707,10681
3113278,9708,12438
6400395,9708,10220
7906885,9708,13085
9493325,9709,11484
1468713,9710,10992
9134179,9710,13915
1464715,9711,12608
6259506,9711,9825
2633174,9713,13518
8774332,9713,10771
3632785,9714,10314
7166530,9715,14165
5717859,9715,11485
8685355,9715,12307
6431239,9716,10987
5166520,9716,13493
4409649,9716,14224
6918509,9716,11943
5785297,9717,13254
9863781,9717,14477
8122486,9718,10138
9239882,9718,14216
8737802,9718,10402
2455295,9719,14444
8993107,9719,14630
9552897,9719,11299
5848506,9720,10309
3409552,9720,12739
1636142,9720,11759
2562713,9723,13402
8373979,9725,14359
1809777,9726,12497
9658630,9727,11153
7952455,9727,14645
3751525,9727,11284
8661935,9728,10187
2590657,9728,14234
9974290,9728,11472
8249663,9730,11139
5691494,9730,11964
3809529,9730,13033
4984471,9730,13842
9340611,9731,11774
5597663,9731,11972
1606578,9731,13746
9890833,9731,10415
7555229,9731,13960
2262143,9732,11323
7191081,9733,12488
8284330,9733,11863
2082961,9734,10178
7791802,9734,12687
6906969,9734,9853
4765023,9735,10018
8036036,9736,14209
2885746,9736,12660
6507914,9737,13081
5226542,9737,11597
9903912,9738,11033
7526342,9739,12181
6626186,9739,14575
4761289,9739,11874
1610959,9741,12394
5363552,9741,11912
4683095,9742,13270
4932629,9742,10550
2407417,9742,11356
5534628,9742,14539
5861702,9743,12419
1840612,9744,10284
2951345,9745,10873
7513289,9745,10416
2640317,9745,12560
3610819,9746,13038
9987863,9746,10140
7705290,9746,12693
7578451,9747,12840
2581560,9747,10347
5879603,9748,13480
7423075,9748,12060
3068319,9748,11618
2959782,9748,9830
1853737,9749,11194
7522684,9749,11710
4493842,9750,14630
3179142,9750,13919
4481184,9751,9874
9464483,9751,13424
1570977,9753,10712
2524961,9753,10048
7362792,9753,14281
6239959,9754,12788
8273866,9754,10403
6731273,9755,13999
4160178,9756,12101
7757662,9756,9840
6713051,9757,10950
3367032,9757,12633
4484112,9757,10546
2673607,9758,9802
5615992,9758,10960
6430797,9758,12467
8900404,9759,10512
4840518,9759,11138
9804689,9760,11107
4007352,9761,11049
3901028,9762,13250
7154143,9762,9973
3338121,9763,13525
2151579,9763,13160
9009525,9763,14753
8924197,9763,10558
1403880,9763,14543
8780140,9764,14398
3751042,9764,13452
6026884,9764,11619
2603514,9764,10114
3986596,9764,11382
6240415,9764,14496
9077047,9765,14351
3041578,9766,14530
6788575,9766,10728
3644183,9766,12815
1326470,9766,11117
4216376,9766,14401
3777171,9766,13636
8668289,9768,13276
6870413,9769,13062
9570556,9769,14401
2944196,9769,13057
7194998,9770,11200
3781907,9770,12644
9439243,9771,12574
6001397,9771,14755
5696458,9772,11871
8615401,9773,13706
6713766,9773,10727
3446704,9773,12567
3306785,9773,12706
9897362,9773,10195
6009192,9773,11776
8809995,9774,14393
7673195,9774,13539
4430980,9774,13242
1804246,9775,14503
7292060,9775,13260
3830836,9776,12704
4861381,9777,10992
9663939,9777,13481
2687225,9779,10827
4371921,9780,10780
4828689,9780,10421
1559067,9781,11641
3139461,9781,9986
2437674,9781,14687
2443814,9781,11469
2435601,9782,12633
9158864,9782,13591
2348871,9783,14126
9688138,9784,11196
1098163,9785,12711
6006403,9785,13034
8048570,9785,10415
9028199,9785,12416
5146837,9785,11518
7590141,9786,14680
4622918,9787,12733
6567107,9787,14244
1798431,9788,13077
7344900,9788,13541
6760771,9788,14383
4437182,9788,12942
5005014,9789,10032
3982176,9789,12066
6559299,9790,14261
2297002,9791,13486
4648529,9791,14489
6240891,9792,9919
3855172,9792,14494
9364981,9793,10127
6483619,9794,14074
2497233,9794,14505
4802516,9796,10896
8451962,9796,12934
4793085,9798,10616
6013256,9799,12695
8620103,9799,12303
3485352,9800,11714
7932306,9800,11243
5686054,9800,13262
1813829,9801,11533
8365754,9801,11485
1419480,9801,9811
7839849,9802,12577
7782382,9802,14393
7591792,9802,11000
4746803,9802,11790
2352090,9803,11125
3524997,9803,14035
7046784,9804,11499
2937036,9804,10481
2554015,9805,13692
9371386,9805,10028
9786836,9807,11851
5863556,9807,13329
2862134,9808,14750
7073334,9809,10814
4329487,9811,13688
7157860,9812,10391
1528882,9812,9913
1908708,9813,12155
8987859,9813,11373
5204745,9813,12123
7999609,9814,12762
3405970,9814,13021
9065483,9816,13361
7973108,9816,13683
9641916,9816,13711
2601479,9817,14442
1632619,9817,14056
5898853,9817,12265
5598127,9817,12749
7700502,9818,14702
1036816,9818,14239
2838641,9818,11115
8242918,9819,11894
2023523,9819,12274
4707965,9819,11299
5706182,9819,13087
4083157,9819,13299
2427717,9820,11226
5176655,9822,14669
1850599,9822,11775
3294186,9823,12507
6791887,9823,12309
8980627,9824,10504
8195485,9824,12664
5494881,9826,11813
1029150,9826,11933
7254443,9827,11952
3405946,9827,13712
5932754,9828,13674
4851786,9829,13840
3568869,9831,12087
9530141,9832,13690
9893086,9833,12888
5339015,9834,10287
8678109,9835,13697
7549919,9837,10160
1498881,9837,11785
2708255,9837,13716
2767186,9837,13229
4092710,9838,14408
4929323,9838,14296
3189250,9838,11922
7277757,9838,10884
1262504,9839,14302
9555230,9840,11941
4042121,9841,9895
7313119,9842,10930
3207518,9842,11925
2912655,9843,14340
2535310,9843,12957
7092661,9844,14467
4807556,9845,12988
7358842,9845,13829
6611416,9846,11874
7293574,9846,11869
1419101,9847,13973
5419373,9847,10474
7103589,9847,10899
5680510,9847,14602
2140213,9847,10515
8271540,9848,10127
6094941,9848,10491
5443695,9848,12353
7380211,9849,14039
2015399,9849,11998
5922488,9849,11881
4909637,9850,10623
4459967,9851,14467
7155768,9851,13042
1862390,9855,13141
8839197,9856,13236
4139688,9856,10327
8734208,9856,11529
1498498,9857,12107
4220743,9857,11483
3824732,9857,13682
1589294,9860,12578
6482354,9860,13386
9490247,9861,14676
5956926,9862,14132
9822518,9862,11703
4405675,9863,11016
4649952,9863,14760
8027749,9864,12974
1651485,9866,12112
6345743,9866,11803
6167963,9866,12276
6578697,9867,10653
7795636,9867,11596
4527435,9867,10946
5491962,9868,14055
6814678,9868,11570
2368270,9869,14398
7008762,9870,12141
4286638,9870,11719
5606282,9871,10271
7907206,9871,10517
7954512,9872,11543
2086808,9872,13230
6872962,9873,13222
2551198,9873,12932
7159704,9874,14517
2194218,9874,12042
8576940,9874,10554
7913906,9874,13480
1821594,9875,10561
8573597,9875,14255
5000630,9876,13651
4805877,9877,13499
8915297,9878,14393
2773321,9878,13467
3385414,9878,13573
2403734,9879,13225
8319629,9880,13518
4971643,9880,12374
3787355,9881,10555
7876964,9881,12060
2207890,9881,10936
2730741,9882,13600
9375939,9882,13994
6358993,9882,14270
8476082,9883,12953
1343835,9884,13977
1728894,9884,11977
6528985,9885,12864
8866987,9885,13191
7882980,9885,14167
1461862,9885,12744
7869768,9886,11496
1238235,9887,11644
7708667,9888,11559
7968808,9889,12875
4746356,9889,10162
4418621,9890,13182
2886772,9890,13368
9503350,9891,14545
3026083,9891,12304
1318236,9891,13658
9549947,9891,10926
8561739,9893,14439
6257935,9895,14850
2796505,9896,10830
1934262,9896,13898
5507986,9896,12763
2307092,9897,13792
7964006,9898,11634
1774722,9899,11759
2003457,9899,10758
1050792,9900,11550
7786173,9901,12058
7654993,9901,10430
3342568,9901,12479
6133484,9901,10302
2481596,9901,14856
7896326,9902,14303
7371963,9902,13396
4996438,9902,13485
8640390,9902,12039
3625518,9904,10829
7628552,9904,10518
3166792,9905,10790
7374789,9905,13369
1714283,9905,10339
2712761,9906,14331
9476616,9907,12863
8148742,9908,11617
6401134,9909,14730
3564334,9909,10304
5026547,9909,13885
7892945,9910,13499
9731084,9910,14778
9038541,9910,11967
6776891,9912,13808
8031830,9912,12382
3482598,9913,13972
2379290,9913,14850
7322771,9913,13559
1496208,9913,10132
9699638,9915,11016
5393355,9917,12440
2781193,9919,13559
5998566,9920,11192
8229501,9920,10827
6969334,9921,12780
3352067,9921,11846
6364575,9922,10103
2601873,9922,10120
3841275,9922,13691
6965991,9923,12060
7595528,9923,12809
1338427,9924,13737
6523550,9925,11136
1519848,9925,11161
4689058,9925,14522
4879582,9926,12362
2404381,9926,13155
5208110,9926,14635
6126029,9926,10462
2831740,9927,10949
3630400,9927,13401
6105995,9927,12839
1470344,9928,14881
2881785,9928,10709
4883563,9928,11622
9793520,9928,13517
9523586,9929,10517
1926308,9929,14088
7731657,9930,10778
7501277,9930,12700
3132197,9931,13171
9908386,9932,11831
8427274,9932,13262
8601156,9932,12465
1739112,9932,10721
7221677,9932,12971
5922657,9932,12795
6014469,9933,11512
4764683,9933,12514
7132236,9933,14371
5509332,9933,10024
1487589,9934,13127
8709095,9934,14743
4278111,9935,13594
6886239,9935,10756
8688696,9936,12391
7071722,9936,13021
7888253,9938,10984
9531916,9938,12838
6631930,9938,10388
4324622,9939,13459
6538160,9939,12578
2478732,9939,14157
8410781,9939,14088
8582153,9939,13114
5222088,9939,13091
5202530,9940,13829
6304559,9940,14097
3946807,9940,13118
5123221,9940,11847
7445259,9940,13712
1810762,9941,14477
6872107,9942,11303
3638153,9942,12974
7750707,9943,14512
4751259,9943,11420
9153877,9943,12338
8914468,9944,14579
6971965,9944,11120
8385593,9944,12834
5040527,9945,12164
1413984,9945,10517
1339276,9946,14453
7840565,9946,14846
6434046,9946,13200
9956215,9947,12796
1871043,9947,14631
3965209,9947,10316
5370729,9948,12872
1559227,9948,10551
8279486,9948,12386
8869297,9948,13540
8254552,9948,14343
8665404,9948,13312
7817616,9949,10883
7264014,9949,12789
3593647,9949,13210
5455844,9949,13799
9985594,9951,14403
1114891,9951,12010
6652349,9951,12729
6522005,9952,11978
4350780,9952,14511
3129742,9952,10281
4483684,9952,13948
7671384,9953,11362
5902491,9953,14745
3516568,9954,12356
7264237,9955,13131
4696537,9956,14806
6284985,9956,10969
6117419,9956,10571
6147623,9956,11952
5249005,9958,10650
8699429,9959,10000
8046493,9959,11213
2850840,9959,13261
5443227,9959,14595
4538283,9960,12814
3080733,9961,13345
5952852,9961,11496
8797466,9961,13618
5288433,9961,10128
8799174,9962,13714
7600829,9962,13195
7502672,9963,10351
7558016,9964,12256
9201742,9964,13962
4358009,9964,13064
9561113,9964,11414
2215080,9964,10913
7262749,9965,11413
6801726,9966,12248
9847641,9966,11580
5761052,9966,12768
7856910,9967,11555
4946888,9967,10319
5639888,9968,14582
5674756,9969,11638
5389628,9969,13352
4366352,9970,10589
9938620,9971,14850
9253518,9971,14267
9052118,9972,13655
3730517,9972,12219
3640422,9973,12336
2060240,9973,13620
7523759,9973,14900
2768878,9973,10457
6128368,9973,12261
9958837,9974,12820
5910141,9974,14361
8526013,9974,14480
2156451,9974,12280
9651989,9974,9981
4370178,9975,10037
4344035,9977,12929
8997335,9977,13516
4583959,9978,11605
8317617,9978,13090
9731637,9979,12276
5853863,9979,12658
4913180,9980,11550
7665509,9980,12696
3997004,9981,14231
2622810,9981,12001
2227389,9982,11590
1946470,9982,12791
5630512,9983,11484
8037897,9983,13214
1671110,9984,13355
5777375,9984,11918
2435881,9985,11224
7993366,9985,12934
2161250,9985,13832
6299428,9985,10134
5403647,9989,11953
5710817,9989,12221
1050451,9990,12564
5021583,9990,10143
2392792,9991,12984
9238132,9992,14770
7521203,9993,12557
6408313,9993,10450
8011819,9993,14519
9703446,9994,13738
4267840,9994,12311
4499897,9994,10131
5828461,9995,11637
8139741,9995,14011
7942346,9995,13093
6103131,9995,10604
7187412,9995,10490
6416995,9996,14513
8109518,9996,12230
1416054,9998,12621
8380053,9998,11023
3297588,9998,13162
5191751,9998,14632
3614926,10000,14714
7519549,10000,14356
